State Code,State Name,Type,Educational level,Two Total,Two Male,Two Female,Three Total,Three Male,Three Female
0,INDIA,Total,Total,228979190,126159551,102819639,86009580,50536832,35472748
0,INDIA,Total,Illiterate,38386410,15961299,22425111,3879858,1890285,1989573
0,INDIA,Total,Literate,190592780,110198252,80394528,82129722,48646547,33483175
0,INDIA,Total,Literate but below primary,25611488,14018935,11592553,3733616,2108024,1625592
0,INDIA,Total,Primary but below middle,39934248,21806285,18127963,8636296,4782211,3854085
0,INDIA,Total,Middle but below matric/secondary,32373311,18948568,13424743,10743350,6266289,4477061
0,INDIA,Total,Matric/Secondary but below graduate,59304856,35611302,23693554,33899219,20411147,13488072
0,INDIA,Total,Graduate and above,24811506,14969198,9842308,22146543,13316422,8830121
0,INDIA,Rural,Total,127257496,71216990,56040506,35383989,21771062,13612927
0,INDIA,Rural,Illiterate,27969932,11669096,16300836,2234076,1105619,1128457
0,INDIA,Rural,Literate,99287564,59547894,39739670,33149913,20665443,12484470
0,INDIA,Rural,Literate but below primary,16736755,9319082,7417673,1750972,1033945,717027
0,INDIA,Rural,Primary but below middle,24427027,13767182,10659845,4499137,2578263,1920874
0,INDIA,Rural,Middle but below matric/secondary,18947772,11460196,7487576,6010075,3608166,2401909
0,INDIA,Rural,Matric/Secondary but below graduate,27751132,17612327,10138805,14549061,9185784,5363277
0,INDIA,Rural,Graduate and above,6671649,4592542,2079107,5090441,3470061,1620380
0,INDIA,Urban,Total,101721694,54942561,46779133,50625591,28765770,21859821
0,INDIA,Urban,Illiterate,10416478,4292203,6124275,1645782,784666,861116
0,INDIA,Urban,Literate,91305216,50650358,40654858,48979809,27981104,20998705
0,INDIA,Urban,Literate but below primary,8874733,4699853,4174880,1982644,1074079,908565
0,INDIA,Urban,Primary but below middle,15507221,8039103,7468118,4137159,2203948,1933211
0,INDIA,Urban,Middle but below matric/secondary,13425539,7488372,5937167,4733275,2658123,2075152
0,INDIA,Urban,Matric/Secondary but below graduate,31553724,17998975,13554749,19350158,11225363,8124795
0,INDIA,Urban,Graduate and above,18139857,10376656,7763201,17056102,9846361,7209741
1,JAMMU & KASHMIR,Total,Total,4086970,2376063,1710907,2096220,1258756,837464
1,JAMMU & KASHMIR,Total,Illiterate,631892,280421,351471,132783,62798,69985
1,JAMMU & KASHMIR,Total,Literate,3455078,2095642,1359436,1963437,1195958,767479
1,JAMMU & KASHMIR,Total,Literate but below primary,466321,258690,207631,102814,57593,45221
1,JAMMU & KASHMIR,Total,Primary but below middle,739407,416281,323126,196414,113132,83282
1,JAMMU & KASHMIR,Total,Middle but below matric/secondary,982967,603140,379827,348840,214671,134169
1,JAMMU & KASHMIR,Total,Matric/Secondary but below graduate,1028287,666356,361931,836020,516604,319416
1,JAMMU & KASHMIR,Total,Graduate and above,157176,98348,58828,440542,268773,171769
1,JAMMU & KASHMIR,Rural,Total,2908514,1691659,1216855,1258724,778704,480020
1,JAMMU & KASHMIR,Rural,Illiterate,503914,222808,281106,110259,52552,57707
1,JAMMU & KASHMIR,Rural,Literate,2404600,1468851,935749,1148465,726152,422313
1,JAMMU & KASHMIR,Rural,Literate but below primary,351644,196268,155376,74719,42093,32626
1,JAMMU & KASHMIR,Rural,Primary but below middle,571735,325809,245926,148610,87228,61382
1,JAMMU & KASHMIR,Rural,Middle but below matric/secondary,731324,456914,274410,257452,162707,94745
1,JAMMU & KASHMIR,Rural,Matric/Secondary but below graduate,634775,413099,221676,483207,307816,175391
1,JAMMU & KASHMIR,Rural,Graduate and above,66078,45052,21026,163652,112508,51144
1,JAMMU & KASHMIR,Urban,Total,1178456,684404,494052,837496,480052,357444
1,JAMMU & KASHMIR,Urban,Illiterate,127978,57613,70365,22524,10246,12278
1,JAMMU & KASHMIR,Urban,Literate,1050478,626791,423687,814972,469806,345166
1,JAMMU & KASHMIR,Urban,Literate but below primary,114677,62422,52255,28095,15500,12595
1,JAMMU & KASHMIR,Urban,Primary but below middle,167672,90472,77200,47804,25904,21900
1,JAMMU & KASHMIR,Urban,Middle but below matric/secondary,251643,146226,105417,91388,51964,39424
1,JAMMU & KASHMIR,Urban,Matric/Secondary but below graduate,393512,253257,140255,352813,208788,144025
1,JAMMU & KASHMIR,Urban,Graduate and above,91098,53296,37802,276890,156265,120625
2,HIMACHAL PRADESH,Total,Total,895419,483488,411931,347286,200478,146808
2,HIMACHAL PRADESH,Total,Illiterate,85483,33735,51748,4813,2546,2267
2,HIMACHAL PRADESH,Total,Literate,809936,449753,360183,342473,197932,144541
2,HIMACHAL PRADESH,Total,Literate but below primary,95417,52503,42914,10061,5838,4223
2,HIMACHAL PRADESH,Total,Primary but below middle,175150,89586,85564,31722,17397,14325
2,HIMACHAL PRADESH,Total,Middle but below matric/secondary,127495,70960,56535,47855,27032,20823
2,HIMACHAL PRADESH,Total,Matric/Secondary but below graduate,290319,170982,119337,178135,105451,72684
2,HIMACHAL PRADESH,Total,Graduate and above,102118,55158,46960,68109,38312,29797
2,HIMACHAL PRADESH,Rural,Total,700701,375762,324939,280817,163039,117778
2,HIMACHAL PRADESH,Rural,Illiterate,74781,28772,46009,3776,1939,1837
2,HIMACHAL PRADESH,Rural,Literate,625920,346990,278930,277041,161100,115941
2,HIMACHAL PRADESH,Rural,Literate but below primary,81268,44560,36708,8010,4622,3388
2,HIMACHAL PRADESH,Rural,Primary but below middle,152300,77016,75284,27433,14971,12462
2,HIMACHAL PRADESH,Rural,Middle but below matric/secondary,105657,58257,47400,41464,23180,18284
2,HIMACHAL PRADESH,Rural,Matric/Secondary but below graduate,219095,129968,89127,150059,89282,60777
2,HIMACHAL PRADESH,Rural,Graduate and above,51559,28472,23087,44660,25778,18882
2,HIMACHAL PRADESH,Urban,Total,194718,107726,86992,66469,37439,29030
2,HIMACHAL PRADESH,Urban,Illiterate,10702,4963,5739,1037,607,430
2,HIMACHAL PRADESH,Urban,Literate,184016,102763,81253,65432,36832,28600
2,HIMACHAL PRADESH,Urban,Literate but below primary,14149,7943,6206,2051,1216,835
2,HIMACHAL PRADESH,Urban,Primary but below middle,22850,12570,10280,4289,2426,1863
2,HIMACHAL PRADESH,Urban,Middle but below matric/secondary,21838,12703,9135,6391,3852,2539
2,HIMACHAL PRADESH,Urban,Matric/Secondary but below graduate,71224,41014,30210,28076,16169,11907
2,HIMACHAL PRADESH,Urban,Graduate and above,50559,26686,23873,23449,12534,10915
3,PUNJAB,Total,Total,5205311,2900342,2304969,7829913,4383841,3446072
3,PUNJAB,Total,Illiterate,415006,191475,223531,139464,73110,66354
3,PUNJAB,Total,Literate,4790305,2708867,2081438,7690449,4310731,3379718
3,PUNJAB,Total,Literate but below primary,462584,264682,197902,277578,160047,117531
3,PUNJAB,Total,Primary but below middle,1367999,733458,634541,765038,431987,333051
3,PUNJAB,Total,Middle but below matric/secondary,1035260,589551,445709,1112074,632781,479293
3,PUNJAB,Total,Matric/Secondary but below graduate,1567679,933897,633782,4039592,2334744,1704848
3,PUNJAB,Total,Graduate and above,247245,127574,119671,1349723,670638,679085
3,PUNJAB,Rural,Total,2852310,1593793,1258517,4230870,2404467,1826403
3,PUNJAB,Rural,Illiterate,190620,89299,101321,73302,38791,34511
3,PUNJAB,Rural,Literate,2661690,1504494,1157196,4157568,2365676,1791892
3,PUNJAB,Rural,Literate but below primary,242689,139408,103281,142355,82187,60168
3,PUNJAB,Rural,Primary but below middle,877803,470074,407729,490874,277942,212932
3,PUNJAB,Rural,Middle but below matric/secondary,634547,360612,273935,730978,416028,314950
3,PUNJAB,Rural,Matric/Secondary but below graduate,799212,477315,321897,2346863,1365164,981699
3,PUNJAB,Rural,Graduate and above,50762,26108,24654,367647,180171,187476
3,PUNJAB,Urban,Total,2353001,1306549,1046452,3599043,1979374,1619669
3,PUNJAB,Urban,Illiterate,224386,102176,122210,66162,34319,31843
3,PUNJAB,Urban,Literate,2128615,1204373,924242,3532881,1945055,1587826
3,PUNJAB,Urban,Literate but below primary,219895,125274,94621,135223,77860,57363
3,PUNJAB,Urban,Primary but below middle,490196,263384,226812,274164,154045,120119
3,PUNJAB,Urban,Middle but below matric/secondary,400713,228939,171774,381096,216753,164343
3,PUNJAB,Urban,Matric/Secondary but below graduate,768467,456582,311885,1692729,969580,723149
3,PUNJAB,Urban,Graduate and above,196483,101466,95017,982076,490467,491609
4,CHANDIGARH,Total,Total,257941,144341,113600,321979,178557,143422
4,CHANDIGARH,Total,Illiterate,20540,8420,12120,3167,1299,1868
4,CHANDIGARH,Total,Literate,237401,135921,101480,318812,177258,141554
4,CHANDIGARH,Total,Literate but below primary,23262,13006,10256,12238,6956,5282
4,CHANDIGARH,Total,Primary but below middle,39057,20893,18164,23074,12976,10098
4,CHANDIGARH,Total,Middle but below matric/secondary,36999,21494,15505,26943,15224,11719
4,CHANDIGARH,Total,Matric/Secondary but below graduate,87594,53199,34395,118884,68857,50027
4,CHANDIGARH,Total,Graduate and above,47574,25931,21643,135080,71819,63261
4,CHANDIGARH,Rural,Total,7370,4422,2948,4353,2647,1706
4,CHANDIGARH,Rural,Illiterate,806,356,450,47,23,24
4,CHANDIGARH,Rural,Literate,6564,4066,2498,4306,2624,1682
4,CHANDIGARH,Rural,Literate but below primary,778,436,342,184,106,78
4,CHANDIGARH,Rural,Primary but below middle,1489,840,649,430,253,177
4,CHANDIGARH,Rural,Middle but below matric/secondary,1165,731,434,577,335,242
4,CHANDIGARH,Rural,Matric/Secondary but below graduate,2408,1601,807,2244,1400,844
4,CHANDIGARH,Rural,Graduate and above,624,400,224,840,509,331
4,CHANDIGARH,Urban,Total,250571,139919,110652,317626,175910,141716
4,CHANDIGARH,Urban,Illiterate,19734,8064,11670,3120,1276,1844
4,CHANDIGARH,Urban,Literate,230837,131855,98982,314506,174634,139872
4,CHANDIGARH,Urban,Literate but below primary,22484,12570,9914,12054,6850,5204
4,CHANDIGARH,Urban,Primary but below middle,37568,20053,17515,22644,12723,9921
4,CHANDIGARH,Urban,Middle but below matric/secondary,35834,20763,15071,26366,14889,11477
4,CHANDIGARH,Urban,Matric/Secondary but below graduate,85186,51598,33588,116640,67457,49183
4,CHANDIGARH,Urban,Graduate and above,46950,25531,21419,134240,71310,62930
5,UTTARAKHAND,Total,Total,1569934,873233,696701,187822,109529,78293
5,UTTARAKHAND,Total,Illiterate,244184,101518,142666,4772,2052,2720
5,UTTARAKHAND,Total,Literate,1325750,771715,554035,183050,107477,75573
5,UTTARAKHAND,Total,Literate but below primary,155269,86057,69212,7136,3959,3177
5,UTTARAKHAND,Total,Primary but below middle,239726,135795,103931,14621,8223,6398
5,UTTARAKHAND,Total,Middle but below matric/secondary,202634,122352,80282,22254,13503,8751
5,UTTARAKHAND,Total,Matric/Secondary but below graduate,380659,234683,145976,69376,42600,26776
5,UTTARAKHAND,Total,Graduate and above,317358,176014,141344,65932,36861,29071
5,UTTARAKHAND,Rural,Total,764620,425075,339545,70611,42893,27718
5,UTTARAKHAND,Rural,Illiterate,160072,65258,94814,2977,1303,1674
5,UTTARAKHAND,Rural,Literate,604548,359817,244731,67634,41590,26044
5,UTTARAKHAND,Rural,Literate but below primary,93132,51615,41517,3586,1963,1623
5,UTTARAKHAND,Rural,Primary but below middle,141780,80062,61718,7252,4150,3102
5,UTTARAKHAND,Rural,Middle but below matric/secondary,114103,70356,43747,11133,6773,4360
5,UTTARAKHAND,Rural,Matric/Secondary but below graduate,158251,100441,57810,27521,17643,9878
5,UTTARAKHAND,Rural,Graduate and above,81991,48861,33130,16797,10143,6654
5,UTTARAKHAND,Urban,Total,805314,448158,357156,117211,66636,50575
5,UTTARAKHAND,Urban,Illiterate,84112,36260,47852,1795,749,1046
5,UTTARAKHAND,Urban,Literate,721202,411898,309304,115416,65887,49529
5,UTTARAKHAND,Urban,Literate but below primary,62137,34442,27695,3550,1996,1554
5,UTTARAKHAND,Urban,Primary but below middle,97946,55733,42213,7369,4073,3296
5,UTTARAKHAND,Urban,Middle but below matric/secondary,88531,51996,36535,11121,6730,4391
5,UTTARAKHAND,Urban,Matric/Secondary but below graduate,222408,134242,88166,41855,24957,16898
5,UTTARAKHAND,Urban,Graduate and above,235367,127153,108214,49135,26718,22417
6,HARYANA,Total,Total,4456790,2576417,1880373,1170571,681228,489343
6,HARYANA,Total,Illiterate,381376,160533,220843,20108,10805,9303
6,HARYANA,Total,Literate,4075414,2415884,1659530,1150463,670423,480040
6,HARYANA,Total,Literate but below primary,350587,202714,147873,28461,16756,11705
6,HARYANA,Total,Primary but below middle,634551,357656,276895,97673,57382,40291
6,HARYANA,Total,Middle but below matric/secondary,570313,328458,241855,150432,86355,64077
6,HARYANA,Total,Matric/Secondary but below graduate,1577027,988975,588052,511698,310436,201262
6,HARYANA,Total,Graduate and above,853897,487771,366126,338620,186645,151975
6,HARYANA,Rural,Total,2194575,1307460,887115,562967,344293,218674
6,HARYANA,Rural,Illiterate,266790,109793,156997,10360,5529,4831
6,HARYANA,Rural,Literate,1927785,1197667,730118,552607,338764,213843
6,HARYANA,Rural,Literate but below primary,229883,134257,95626,14331,8606,5725
6,HARYANA,Rural,Primary but below middle,419220,241115,178105,67075,39899,27176
6,HARYANA,Rural,Middle but below matric/secondary,332687,196140,136547,104971,60585,44386
6,HARYANA,Rural,Matric/Secondary but below graduate,735706,488658,247048,282102,177188,104914
6,HARYANA,Rural,Graduate and above,168748,112581,56167,73291,46198,27093
6,HARYANA,Urban,Total,2262215,1268957,993258,607604,336935,270669
6,HARYANA,Urban,Illiterate,114586,50740,63846,9748,5276,4472
6,HARYANA,Urban,Literate,2147629,1218217,929412,597856,331659,266197
6,HARYANA,Urban,Literate but below primary,120704,68457,52247,14130,8150,5980
6,HARYANA,Urban,Primary but below middle,215331,116541,98790,30598,17483,13115
6,HARYANA,Urban,Middle but below matric/secondary,237626,132318,105308,45461,25770,19691
6,HARYANA,Urban,Matric/Secondary but below graduate,841321,500317,341004,229596,133248,96348
6,HARYANA,Urban,Graduate and above,685149,375190,309959,265329,140447,124882
7,DELHI,Total,Total,5458981,3050945,2408036,1358233,741513,616720
7,DELHI,Total,Illiterate,283255,119397,163858,13588,6055,7533
7,DELHI,Total,Literate,5175726,2931548,2244178,1344645,735458,609187
7,DELHI,Total,Literate but below primary,299453,165174,134279,39831,21611,18220
7,DELHI,Total,Primary but below middle,534204,290678,243526,73971,40117,33854
7,DELHI,Total,Middle but below matric/secondary,578533,325553,252980,97060,53941,43119
7,DELHI,Total,Matric/Secondary but below graduate,1835533,1077849,757684,423330,236321,187009
7,DELHI,Total,Graduate and above,1747139,974607,772532,659504,357519,301985
7,DELHI,Rural,Total,93239,56168,37071,5474,3336,2138
7,DELHI,Rural,Illiterate,4401,1782,2619,59,34,25
7,DELHI,Rural,Literate,88838,54386,34452,5415,3302,2113
7,DELHI,Rural,Literate but below primary,3881,2220,1661,81,40,41
7,DELHI,Rural,Primary but below middle,8051,4595,3456,274,149,125
7,DELHI,Rural,Middle but below matric/secondary,11057,6340,4717,621,386,235
7,DELHI,Rural,Matric/Secondary but below graduate,44430,27998,16432,2423,1486,937
7,DELHI,Rural,Graduate and above,19164,11868,7296,1827,1127,700
7,DELHI,Urban,Total,5365742,2994777,2370965,1352759,738177,614582
7,DELHI,Urban,Illiterate,278854,117615,161239,13529,6021,7508
7,DELHI,Urban,Literate,5086888,2877162,2209726,1339230,732156,607074
7,DELHI,Urban,Literate but below primary,295572,162954,132618,39750,21571,18179
7,DELHI,Urban,Primary but below middle,526153,286083,240070,73697,39968,33729
7,DELHI,Urban,Middle but below matric/secondary,567476,319213,248263,96439,53555,42884
7,DELHI,Urban,Matric/Secondary but below graduate,1791103,1049851,741252,420907,234835,186072
7,DELHI,Urban,Graduate and above,1727975,962739,765236,657677,356392,301285
8,RAJASTHAN,Total,Total,6466435,3747078,2719357,1006751,642842,363909
8,RAJASTHAN,Total,Illiterate,970493,370912,599581,32157,15212,16945
8,RAJASTHAN,Total,Literate,5495942,3376166,2119776,974594,627630,346964
8,RAJASTHAN,Total,Literate but below primary,814591,457114,357477,31773,18350,13423
8,RAJASTHAN,Total,Primary but below middle,1207347,707584,499763,103026,60854,42172
8,RAJASTHAN,Total,Middle but below matric/secondary,916152,569672,346480,182737,114942,67795
8,RAJASTHAN,Total,Matric/Secondary but below graduate,1345396,878127,467269,379365,251496,127869
8,RAJASTHAN,Total,Graduate and above,964519,609880,354639,243786,159444,84342
8,RAJASTHAN,Rural,Total,3637519,2179192,1458327,609507,414618,194889
8,RAJASTHAN,Rural,Illiterate,683314,263018,420296,21782,10772,11010
8,RAJASTHAN,Rural,Literate,2954205,1916174,1038031,587725,403846,183879
8,RAJASTHAN,Rural,Literate but below primary,590782,338524,252258,19417,11672,7745
8,RAJASTHAN,Rural,Primary but below middle,839911,514122,325789,74804,45862,28942
8,RAJASTHAN,Rural,Middle but below matric/secondary,575002,378218,196784,139332,90551,48781
8,RAJASTHAN,Rural,Matric/Secondary but below graduate,596456,426576,169880,235899,165241,70658
8,RAJASTHAN,Rural,Graduate and above,210342,165100,45242,98068,75918,22150
8,RAJASTHAN,Urban,Total,2828916,1567886,1261030,397244,228224,169020
8,RAJASTHAN,Urban,Illiterate,287179,107894,179285,10375,4440,5935
8,RAJASTHAN,Urban,Literate,2541737,1459992,1081745,386869,223784,163085
8,RAJASTHAN,Urban,Literate but below primary,223809,118590,105219,12356,6678,5678
8,RAJASTHAN,Urban,Primary but below middle,367436,193462,173974,28222,14992,13230
8,RAJASTHAN,Urban,Middle but below matric/secondary,341150,191454,149696,43405,24391,19014
8,RAJASTHAN,Urban,Matric/Secondary but below graduate,748940,451551,297389,143466,86255,57211
8,RAJASTHAN,Urban,Graduate and above,754177,444780,309397,145718,83526,62192
9,UTTAR PRADESH,Total,Total,20287945,11762916,8525029,2585664,1546993,1038671
9,UTTAR PRADESH,Total,Illiterate,2811647,1230985,1580662,90022,39291,50731
9,UTTAR PRADESH,Total,Literate,17476298,10531931,6944367,2495642,1507702,987940
9,UTTAR PRADESH,Total,Literate but below primary,1696146,918845,777301,110449,58915,51534
9,UTTAR PRADESH,Total,Primary but below middle,2813317,1560809,1252508,288053,155253,132800
9,UTTAR PRADESH,Total,Middle but below matric/secondary,2556741,1560017,996724,403536,244061,159475
9,UTTAR PRADESH,Total,Matric/Secondary but below graduate,5516493,3446322,2070171,940306,576711,363595
9,UTTAR PRADESH,Total,Graduate and above,4105266,2571047,1534219,659417,414176,245241
9,UTTAR PRADESH,Rural,Total,9650049,5827004,3823045,1267848,814164,453684
9,UTTAR PRADESH,Rural,Illiterate,1414628,590512,824116,38998,17087,21911
9,UTTAR PRADESH,Rural,Literate,8235421,5236492,2998929,1228850,797077,431773
9,UTTAR PRADESH,Rural,Literate but below primary,951601,512677,438924,56675,30010,26665
9,UTTAR PRADESH,Rural,Primary but below middle,1585250,881423,703827,168430,91100,77330
9,UTTAR PRADESH,Rural,Middle but below matric/secondary,1447938,925320,522618,252373,158765,93608
9,UTTAR PRADESH,Rural,Matric/Secondary but below graduate,2701944,1820869,881075,481670,320304,161366
9,UTTAR PRADESH,Rural,Graduate and above,1195425,875073,320352,227960,168870,59090
9,UTTAR PRADESH,Urban,Total,10637896,5935912,4701984,1317816,732829,584987
9,UTTAR PRADESH,Urban,Illiterate,1397019,640473,756546,51024,22204,28820
9,UTTAR PRADESH,Urban,Literate,9240877,5295439,3945438,1266792,710625,556167
9,UTTAR PRADESH,Urban,Literate but below primary,744545,406168,338377,53774,28905,24869
9,UTTAR PRADESH,Urban,Primary but below middle,1228067,679386,548681,119623,64153,55470
9,UTTAR PRADESH,Urban,Middle but below matric/secondary,1108803,634697,474106,151163,85296,65867
9,UTTAR PRADESH,Urban,Matric/Secondary but below graduate,2814549,1625453,1189096,458636,256407,202229
9,UTTAR PRADESH,Urban,Graduate and above,2909841,1695974,1213867,431457,245306,186151
10,BIHAR,Total,Total,15079213,8415020,6664193,1682572,1028475,654097
10,BIHAR,Total,Illiterate,4572054,1999916,2572138,180106,85539,94567
10,BIHAR,Total,Literate,10507159,6415104,4092055,1502466,942936,559530
10,BIHAR,Total,Literate but below primary,2658391,1428855,1229536,189501,99467,90034
10,BIHAR,Total,Primary but below middle,2622897,1567803,1055094,267901,150820,117081
10,BIHAR,Total,Middle but below matric/secondary,1459343,921815,537528,204290,122712,81578
10,BIHAR,Total,Matric/Secondary but below graduate,2222916,1448437,774479,502821,322210,180611
10,BIHAR,Total,Graduate and above,875943,646581,229362,261999,199849,62150
10,BIHAR,Rural,Total,12667581,7080819,5586762,1262676,785074,477602
10,BIHAR,Rural,Illiterate,4175714,1824371,2351343,155257,73988,81269
10,BIHAR,Rural,Literate,8491867,5256448,3235419,1107419,711086,396333
10,BIHAR,Rural,Literate but below primary,2379573,1283729,1095844,159518,84376,75142
10,BIHAR,Rural,Primary but below middle,2301928,1399068,902860,221322,127058,94264
10,BIHAR,Rural,Middle but below matric/secondary,1209924,785630,424294,159125,98746,60379
10,BIHAR,Rural,Matric/Secondary but below graduate,1619105,1108733,510372,362597,244008,118589
10,BIHAR,Rural,Graduate and above,415267,334040,81227,145084,118459,26625
10,BIHAR,Urban,Total,2411632,1334201,1077431,419896,243401,176495
10,BIHAR,Urban,Illiterate,396340,175545,220795,24849,11551,13298
10,BIHAR,Urban,Literate,2015292,1158656,856636,395047,231850,163197
10,BIHAR,Urban,Literate but below primary,278818,145126,133692,29983,15091,14892
10,BIHAR,Urban,Primary but below middle,320969,168735,152234,46579,23762,22817
10,BIHAR,Urban,Middle but below matric/secondary,249419,136185,113234,45165,23966,21199
10,BIHAR,Urban,Matric/Secondary but below graduate,603811,339704,264107,140224,78202,62022
10,BIHAR,Urban,Graduate and above,460676,312541,148135,116915,81390,35525
11,SIKKIM,Total,Total,207597,113913,93684,181402,99427,81975
11,SIKKIM,Total,Illiterate,38627,15607,23020,6440,3152,3288
11,SIKKIM,Total,Literate,168970,98306,70664,174962,96275,78687
11,SIKKIM,Total,Literate but below primary,51211,30184,21027,17648,10301,7347
11,SIKKIM,Total,Primary but below middle,53271,29575,23696,36340,19752,16588
11,SIKKIM,Total,Middle but below matric/secondary,26379,14762,11617,34356,18030,16326
11,SIKKIM,Total,Matric/Secondary but below graduate,24393,15388,9005,55753,30242,25511
11,SIKKIM,Total,Graduate and above,5725,3575,2150,25264,14670,10594
11,SIKKIM,Rural,Total,156054,86517,69537,118176,65545,52631
11,SIKKIM,Rural,Illiterate,31068,12726,18342,4424,2220,2204
11,SIKKIM,Rural,Literate,124986,73791,51195,113752,63325,50427
11,SIKKIM,Rural,Literate but below primary,41585,25028,16557,13090,7822,5268
11,SIKKIM,Rural,Primary but below middle,40801,22747,18054,27885,15109,12776
11,SIKKIM,Rural,Middle but below matric/secondary,18330,10362,7968,24208,12614,11594
11,SIKKIM,Rural,Matric/Secondary but below graduate,15141,9916,5225,33573,18770,14803
11,SIKKIM,Rural,Graduate and above,2700,1751,949,11017,6582,4435
11,SIKKIM,Urban,Total,51543,27396,24147,63226,33882,29344
11,SIKKIM,Urban,Illiterate,7559,2881,4678,2016,932,1084
11,SIKKIM,Urban,Literate,43984,24515,19469,61210,32950,28260
11,SIKKIM,Urban,Literate but below primary,9626,5156,4470,4558,2479,2079
11,SIKKIM,Urban,Primary but below middle,12470,6828,5642,8455,4643,3812
11,SIKKIM,Urban,Middle but below matric/secondary,8049,4400,3649,10148,5416,4732
11,SIKKIM,Urban,Matric/Secondary but below graduate,9252,5472,3780,22180,11472,10708
11,SIKKIM,Urban,Graduate and above,3025,1824,1201,14247,8088,6159
12,ARUNACHAL PRADESH,Total,Total,467394,241747,225647,418551,236666,181885
12,ARUNACHAL PRADESH,Total,Illiterate,172558,74486,98072,51291,24354,26937
12,ARUNACHAL PRADESH,Total,Literate,294836,167261,127575,367260,212312,154948
12,ARUNACHAL PRADESH,Total,Literate but below primary,83654,44557,39097,50930,28067,22863
12,ARUNACHAL PRADESH,Total,Primary but below middle,82570,44141,38429,83061,45491,37570
12,ARUNACHAL PRADESH,Total,Middle but below matric/secondary,52773,29822,22951,77476,43660,33816
12,ARUNACHAL PRADESH,Total,Matric/Secondary but below graduate,55724,35805,19919,109993,64580,45413
12,ARUNACHAL PRADESH,Total,Graduate and above,10756,7381,3375,38350,26036,12314
12,ARUNACHAL PRADESH,Rural,Total,366150,188857,177293,292514,168050,124464
12,ARUNACHAL PRADESH,Rural,Illiterate,148706,65435,83271,41225,20416,20809
12,ARUNACHAL PRADESH,Rural,Literate,217444,123422,94022,251289,147634,103655
12,ARUNACHAL PRADESH,Rural,Literate but below primary,67055,36135,30920,39905,22309,17596
12,ARUNACHAL PRADESH,Rural,Primary but below middle,65006,35179,29827,63767,35495,28272
12,ARUNACHAL PRADESH,Rural,Middle but below matric/secondary,38436,21828,16608,55132,31573,23559
12,ARUNACHAL PRADESH,Rural,Matric/Secondary but below graduate,34092,21995,12097,67084,40941,26143
12,ARUNACHAL PRADESH,Rural,Graduate and above,5748,4070,1678,19949,13966,5983
12,ARUNACHAL PRADESH,Urban,Total,101244,52890,48354,126037,68616,57421
12,ARUNACHAL PRADESH,Urban,Illiterate,23852,9051,14801,10066,3938,6128
12,ARUNACHAL PRADESH,Urban,Literate,77392,43839,33553,115971,64678,51293
12,ARUNACHAL PRADESH,Urban,Literate but below primary,16599,8422,8177,11025,5758,5267
12,ARUNACHAL PRADESH,Urban,Primary but below middle,17564,8962,8602,19294,9996,9298
12,ARUNACHAL PRADESH,Urban,Middle but below matric/secondary,14337,7994,6343,22344,12087,10257
12,ARUNACHAL PRADESH,Urban,Matric/Secondary but below graduate,21632,13810,7822,42909,23639,19270
12,ARUNACHAL PRADESH,Urban,Graduate and above,5008,3311,1697,18401,12070,6331
13,NAGALAND,Total,Total,692242,355306,336936,537481,306593,230888
13,NAGALAND,Total,Illiterate,120964,56877,64087,26759,14972,11787
13,NAGALAND,Total,Literate,571278,298429,272849,510722,291621,219101
13,NAGALAND,Total,Literate but below primary,118336,61162,57174,45863,25864,19999
13,NAGALAND,Total,Primary but below middle,166748,83926,82822,92701,52324,40377
13,NAGALAND,Total,Middle but below matric/secondary,136498,70875,65623,126198,72147,54051
13,NAGALAND,Total,Matric/Secondary but below graduate,93894,52188,41706,159089,90182,68907
13,NAGALAND,Total,Graduate and above,22151,12808,9343,63072,37533,25539
13,NAGALAND,Rural,Total,499358,257829,241529,306186,179418,126768
13,NAGALAND,Rural,Illiterate,95016,45774,49242,17381,10191,7190
13,NAGALAND,Rural,Literate,404342,212055,192287,288805,169227,119578
13,NAGALAND,Rural,Literate but below primary,89162,46339,42823,27214,15693,11521
13,NAGALAND,Rural,Primary but below middle,129073,65222,63851,59143,33727,25416
13,NAGALAND,Rural,Middle but below matric/secondary,96844,50898,45946,76016,44639,31377
13,NAGALAND,Rural,Matric/Secondary but below graduate,54087,30543,23544,84636,49781,34855
13,NAGALAND,Rural,Graduate and above,10158,6117,4041,27372,16943,10429
13,NAGALAND,Urban,Total,192884,97477,95407,231295,127175,104120
13,NAGALAND,Urban,Illiterate,25948,11103,14845,9378,4781,4597
13,NAGALAND,Urban,Literate,166936,86374,80562,221917,122394,99523
13,NAGALAND,Urban,Literate but below primary,29174,14823,14351,18649,10171,8478
13,NAGALAND,Urban,Primary but below middle,37675,18704,18971,33558,18597,14961
13,NAGALAND,Urban,Middle but below matric/secondary,39654,19977,19677,50182,27508,22674
13,NAGALAND,Urban,Matric/Secondary but below graduate,39807,21645,18162,74453,40401,34052
13,NAGALAND,Urban,Graduate and above,11993,6691,5302,35700,20590,15110
14,MANIPUR,Total,Total,771802,404042,367760,616818,356245,260573
14,MANIPUR,Total,Illiterate,124491,52457,72034,33345,16019,17326
14,MANIPUR,Total,Literate,647311,351585,295726,583473,340226,243247
14,MANIPUR,Total,Literate but below primary,67961,34239,33722,23006,12131,10875
14,MANIPUR,Total,Primary but below middle,119256,60689,58567,55362,29470,25892
14,MANIPUR,Total,Middle but below matric/secondary,171286,95581,75705,109817,64218,45599
14,MANIPUR,Total,Matric/Secondary but below graduate,204064,112946,91118,226839,131394,95445
14,MANIPUR,Total,Graduate and above,57449,33148,24301,145894,89653,56241
14,MANIPUR,Rural,Total,581795,305155,276640,376083,221927,154156
14,MANIPUR,Rural,Illiterate,113371,48138,65233,27795,13643,14152
14,MANIPUR,Rural,Literate,468424,257017,211407,348288,208284,140004
14,MANIPUR,Rural,Literate but below primary,53892,27208,26684,17024,9086,7938
14,MANIPUR,Rural,Primary but below middle,97088,49697,47391,41715,22638,19077
14,MANIPUR,Rural,Middle but below matric/secondary,127642,71785,55857,75897,45408,30489
14,MANIPUR,Rural,Matric/Secondary but below graduate,137754,77606,60148,137246,81476,55770
14,MANIPUR,Rural,Graduate and above,30928,18970,11958,61386,40481,20905
14,MANIPUR,Urban,Total,190007,98887,91120,240735,134318,106417
14,MANIPUR,Urban,Illiterate,11120,4319,6801,5550,2376,3174
14,MANIPUR,Urban,Literate,178887,94568,84319,235185,131942,103243
14,MANIPUR,Urban,Literate but below primary,14069,7031,7038,5982,3045,2937
14,MANIPUR,Urban,Primary but below middle,22168,10992,11176,13647,6832,6815
14,MANIPUR,Urban,Middle but below matric/secondary,43644,23796,19848,33920,18810,15110
14,MANIPUR,Urban,Matric/Secondary but below graduate,66310,35340,30970,89593,49918,39675
14,MANIPUR,Urban,Graduate and above,26521,14178,12343,84508,49172,35336
15,MIZORAM,Total,Total,256737,139450,117287,52966,34714,18252
15,MIZORAM,Total,Illiterate,16508,7711,8797,1749,1091,658
15,MIZORAM,Total,Literate,240229,131739,108490,51217,33623,17594
15,MIZORAM,Total,Literate but below primary,38959,21283,17676,4462,3004,1458
15,MIZORAM,Total,Primary but below middle,39079,22177,16902,6472,4290,2182
15,MIZORAM,Total,Middle but below matric/secondary,48199,27248,20951,8707,5955,2752
15,MIZORAM,Total,Matric/Secondary but below graduate,78955,41153,37802,18492,11732,6760
15,MIZORAM,Total,Graduate and above,31725,18159,13566,12364,8152,4212
15,MIZORAM,Rural,Total,105092,59030,46062,18117,12714,5403
15,MIZORAM,Rural,Illiterate,13416,6226,7190,1294,849,445
15,MIZORAM,Rural,Literate,91676,52804,38872,16823,11865,4958
15,MIZORAM,Rural,Literate but below primary,26700,14676,12024,2649,1888,761
15,MIZORAM,Rural,Primary but below middle,22422,12861,9561,3480,2300,1180
15,MIZORAM,Rural,Middle but below matric/secondary,18559,10734,7825,3478,2477,1001
15,MIZORAM,Rural,Matric/Secondary but below graduate,16764,9838,6926,4829,3456,1373
15,MIZORAM,Rural,Graduate and above,5451,3746,1705,2025,1488,537
15,MIZORAM,Urban,Total,151645,80420,71225,34849,22000,12849
15,MIZORAM,Urban,Illiterate,3092,1485,1607,455,242,213
15,MIZORAM,Urban,Literate,148553,78935,69618,34394,21758,12636
15,MIZORAM,Urban,Literate but below primary,12259,6607,5652,1813,1116,697
15,MIZORAM,Urban,Primary but below middle,16657,9316,7341,2992,1990,1002
15,MIZORAM,Urban,Middle but below matric/secondary,29640,16514,13126,5229,3478,1751
15,MIZORAM,Urban,Matric/Secondary but below graduate,62191,31315,30876,13663,8276,5387
15,MIZORAM,Urban,Graduate and above,26274,14413,11861,10339,6664,3675
16,TRIPURA,Total,Total,1070024,584356,485668,198577,129143,69434
16,TRIPURA,Total,Illiterate,150839,57429,93410,6764,3505,3259
16,TRIPURA,Total,Literate,919185,526927,392258,191813,125638,66175
16,TRIPURA,Total,Literate but below primary,211062,110986,100076,13266,8081,5185
16,TRIPURA,Total,Primary but below middle,216138,122182,93956,21125,12974,8151
16,TRIPURA,Total,Middle but below matric/secondary,198193,116292,81901,35172,23134,12038
16,TRIPURA,Total,Matric/Secondary but below graduate,183795,114533,69262,67567,45211,22356
16,TRIPURA,Total,Graduate and above,50505,32537,17968,46599,31156,15443
16,TRIPURA,Rural,Total,887268,478980,408288,111473,75094,36379
16,TRIPURA,Rural,Illiterate,144431,54629,89802,5974,3015,2959
16,TRIPURA,Rural,Literate,742837,424351,318486,105499,72079,33420
16,TRIPURA,Rural,Literate but below primary,196623,103373,93250,11081,6860,4221
16,TRIPURA,Rural,Primary but below middle,193960,109856,84104,16669,10601,6068
16,TRIPURA,Rural,Middle but below matric/secondary,159731,93531,66200,25783,17604,8179
16,TRIPURA,Rural,Matric/Secondary but below graduate,122163,77985,44178,35673,25316,10357
16,TRIPURA,Rural,Graduate and above,19325,14004,5321,11763,8827,2936
16,TRIPURA,Urban,Total,182756,105376,77380,87104,54049,33055
16,TRIPURA,Urban,Illiterate,6408,2800,3608,790,490,300
16,TRIPURA,Urban,Literate,176348,102576,73772,86314,53559,32755
16,TRIPURA,Urban,Literate but below primary,14439,7613,6826,2185,1221,964
16,TRIPURA,Urban,Primary but below middle,22178,12326,9852,4456,2373,2083
16,TRIPURA,Urban,Middle but below matric/secondary,38462,22761,15701,9389,5530,3859
16,TRIPURA,Urban,Matric/Secondary but below graduate,61632,36548,25084,31894,19895,11999
16,TRIPURA,Urban,Graduate and above,31180,18533,12647,34836,22329,12507
17,MEGHALAYA,Total,Total,547389,280331,267058,274931,160749,114182
17,MEGHALAYA,Total,Illiterate,74585,37143,37442,20821,11778,9043
17,MEGHALAYA,Total,Literate,472804,243188,229616,254110,148971,105139
17,MEGHALAYA,Total,Literate but below primary,90013,48941,41072,22594,13718,8876
17,MEGHALAYA,Total,Primary but below middle,100433,51746,48687,36099,20970,15129
17,MEGHALAYA,Total,Middle but below matric/secondary,103309,52320,50989,54597,32065,22532
17,MEGHALAYA,Total,Matric/Secondary but below graduate,123112,62631,60481,89176,52994,36182
17,MEGHALAYA,Total,Graduate and above,38448,18009,20439,42483,23488,18995
17,MEGHALAYA,Rural,Total,350395,184976,165419,123303,78030,45273
17,MEGHALAYA,Rural,Illiterate,60486,31408,29078,15825,9148,6677
17,MEGHALAYA,Rural,Literate,289909,153568,136341,107478,68882,38596
17,MEGHALAYA,Rural,Literate but below primary,67114,37590,29524,13781,9039,4742
17,MEGHALAYA,Rural,Primary but below middle,68850,36404,32446,19507,12216,7291
17,MEGHALAYA,Rural,Middle but below matric/secondary,61615,31502,30113,24513,15478,9035
17,MEGHALAYA,Rural,Matric/Secondary but below graduate,65860,34075,31785,35888,23128,12760
17,MEGHALAYA,Rural,Graduate and above,13640,6742,6898,8656,5524,3132
17,MEGHALAYA,Urban,Total,196994,95355,101639,151628,82719,68909
17,MEGHALAYA,Urban,Illiterate,14099,5735,8364,4996,2630,2366
17,MEGHALAYA,Urban,Literate,182895,89620,93275,146632,80089,66543
17,MEGHALAYA,Urban,Literate but below primary,22899,11351,11548,8813,4679,4134
17,MEGHALAYA,Urban,Primary but below middle,31583,15342,16241,16592,8754,7838
17,MEGHALAYA,Urban,Middle but below matric/secondary,41694,20818,20876,30084,16587,13497
17,MEGHALAYA,Urban,Matric/Secondary but below graduate,57252,28556,28696,53288,29866,23422
17,MEGHALAYA,Urban,Graduate and above,24808,11267,13541,33827,17964,15863
18,ASSAM,Total,Total,10108094,5343117,4764977,4352497,2636287,1716210
18,ASSAM,Total,Illiterate,3148475,1416081,1732394,386629,207046,179583
18,ASSAM,Total,Literate,6959619,3927036,3032583,3965868,2429241,1536627
18,ASSAM,Total,Literate but below primary,1750678,984852,765826,282874,183103,99771
18,ASSAM,Total,Primary but below middle,1746020,965127,780893,586216,357035,229181
18,ASSAM,Total,Middle but below matric/secondary,1554505,844636,709869,885612,510235,375377
18,ASSAM,Total,Matric/Secondary but below graduate,1340449,791718,548731,1410644,863314,547330
18,ASSAM,Total,Graduate and above,233679,146850,86829,631738,408343,223395
18,ASSAM,Rural,Total,8812485,4670814,4141671,2969373,1835672,1133701
18,ASSAM,Rural,Illiterate,2980376,1347846,1632530,333847,182288,151559
18,ASSAM,Rural,Literate,5832109,3322968,2509141,2635526,1653384,982142
18,ASSAM,Rural,Literate but below primary,1586075,897904,688171,212316,142045,70271
18,ASSAM,Rural,Primary but below middle,1526415,848054,678361,445131,274238,170893
18,ASSAM,Rural,Middle but below matric/secondary,1294768,709277,585491,657567,382751,274816
18,ASSAM,Rural,Matric/Secondary but below graduate,999806,607224,392582,919210,580912,338298
18,ASSAM,Rural,Graduate and above,134212,89449,44763,278081,192905,85176
18,ASSAM,Urban,Total,1295609,672303,623306,1383124,800615,582509
18,ASSAM,Urban,Illiterate,168099,68235,99864,52782,24758,28024
18,ASSAM,Urban,Literate,1127510,604068,523442,1330342,775857,554485
18,ASSAM,Urban,Literate but below primary,164603,86948,77655,70558,41058,29500
18,ASSAM,Urban,Primary but below middle,219605,117073,102532,141085,82797,58288
18,ASSAM,Urban,Middle but below matric/secondary,259737,135359,124378,228045,127484,100561
18,ASSAM,Urban,Matric/Secondary but below graduate,340643,184494,156149,491434,282402,209032
18,ASSAM,Urban,Graduate and above,99467,57401,42066,353657,215438,138219
19,WEST BENGAL,Total,Total,12144843,6992983,5151860,2881005,1789355,1091650
19,WEST BENGAL,Total,Illiterate,2230385,959839,1270546,123026,63291,59735
19,WEST BENGAL,Total,Literate,9914458,6033144,3881314,2757979,1726064,1031915
19,WEST BENGAL,Total,Literate but below primary,1515333,887106,628227,110205,66187,44018
19,WEST BENGAL,Total,Primary but below middle,1690398,997715,692683,181283,106239,75044
19,WEST BENGAL,Total,Middle but below matric/secondary,1871550,1134412,737138,299211,178436,120775
19,WEST BENGAL,Total,Matric/Secondary but below graduate,2807774,1731929,1075845,914310,574168,340142
19,WEST BENGAL,Total,Graduate and above,1710070,1089962,620108,1181315,755511,425804
19,WEST BENGAL,Rural,Total,6304512,3650345,2654167,664075,447876,216199
19,WEST BENGAL,Rural,Illiterate,1653431,698417,955014,61790,32103,29687
19,WEST BENGAL,Rural,Literate,4651081,2951928,1699153,602285,415773,186512
19,WEST BENGAL,Rural,Literate but below primary,990339,588533,401806,46621,30401,16220
19,WEST BENGAL,Rural,Primary but below middle,963870,583934,379936,64049,40789,23260
19,WEST BENGAL,Rural,Middle but below matric/secondary,978317,610077,368240,105753,67569,38184
19,WEST BENGAL,Rural,Matric/Secondary but below graduate,1141827,754663,387164,219710,152079,67631
19,WEST BENGAL,Rural,Graduate and above,429604,322076,107528,150347,113733,36614
19,WEST BENGAL,Urban,Total,5840331,3342638,2497693,2216930,1341479,875451
19,WEST BENGAL,Urban,Illiterate,576954,261422,315532,61236,31188,30048
19,WEST BENGAL,Urban,Literate,5263377,3081216,2182161,2155694,1310291,845403
19,WEST BENGAL,Urban,Literate but below primary,524994,298573,226421,63584,35786,27798
19,WEST BENGAL,Urban,Primary but below middle,726528,413781,312747,117234,65450,51784
19,WEST BENGAL,Urban,Middle but below matric/secondary,893233,524335,368898,193458,110867,82591
19,WEST BENGAL,Urban,Matric/Secondary but below graduate,1665947,977266,688681,694600,422089,272511
19,WEST BENGAL,Urban,Graduate and above,1280466,767886,512580,1030968,641778,389190
20,JHARKHAND,Total,Total,8407681,4508254,3899427,1593039,965960,627079
20,JHARKHAND,Total,Illiterate,2325095,914385,1410710,205356,96384,108972
20,JHARKHAND,Total,Literate,6082586,3593869,2488717,1387683,869576,518107
20,JHARKHAND,Total,Literate but below primary,1357203,730423,626780,130303,73257,57046
20,JHARKHAND,Total,Primary but below middle,1608466,927970,680496,240022,142350,97672
20,JHARKHAND,Total,Middle but below matric/secondary,1050374,638997,411377,228110,141681,86429
20,JHARKHAND,Total,Matric/Secondary but below graduate,1331361,830374,500987,475518,305803,169715
20,JHARKHAND,Total,Graduate and above,489094,320477,168617,266852,175025,91827
20,JHARKHAND,Rural,Total,6056149,3251399,2804750,932202,587017,345185
20,JHARKHAND,Rural,Illiterate,1958283,773443,1184840,170770,81999,88771
20,JHARKHAND,Rural,Literate,4097866,2477956,1619910,761432,505018,256414
20,JHARKHAND,Rural,Literate but below primary,1086675,588689,497986,95929,55183,40746
20,JHARKHAND,Rural,Primary but below middle,1253563,744319,509244,178881,110373,68508
20,JHARKHAND,Rural,Middle but below matric/secondary,747355,473653,273702,157440,102922,54518
20,JHARKHAND,Rural,Matric/Secondary but below graduate,693041,462789,230252,230262,162065,68197
20,JHARKHAND,Rural,Graduate and above,125439,92208,33231,66694,51930,14764
20,JHARKHAND,Urban,Total,2351532,1256855,1094677,660837,378943,281894
20,JHARKHAND,Urban,Illiterate,366812,140942,225870,34586,14385,20201
20,JHARKHAND,Urban,Literate,1984720,1115913,868807,626251,364558,261693
20,JHARKHAND,Urban,Literate but below primary,270528,141734,128794,34374,18074,16300
20,JHARKHAND,Urban,Primary but below middle,354903,183651,171252,61141,31977,29164
20,JHARKHAND,Urban,Middle but below matric/secondary,303019,165344,137675,70670,38759,31911
20,JHARKHAND,Urban,Matric/Secondary but below graduate,638320,367585,270735,245256,143738,101518
20,JHARKHAND,Urban,Graduate and above,363655,228269,135386,200158,123095,77063
21,ODISHA,Total,Total,8299746,4506387,3793359,5525278,3359211,2166067
21,ODISHA,Total,Illiterate,1977667,795477,1182190,243657,119586,124071
21,ODISHA,Total,Literate,6322079,3710910,2611169,5281621,3239625,2041996
21,ODISHA,Total,Literate but below primary,1022171,568561,453610,166336,96104,70232
21,ODISHA,Total,Primary but below middle,1771508,1007430,764078,549352,310427,238925
21,ODISHA,Total,Middle but below matric/secondary,1500571,893457,607114,1035768,607676,428092
21,ODISHA,Total,Matric/Secondary but below graduate,1483066,902170,580896,2217234,1363533,853701
21,ODISHA,Total,Graduate and above,357299,232572,124727,1190427,790523,399904
21,ODISHA,Rural,Total,6670328,3637510,3032818,3361065,2102935,1258130
21,ODISHA,Rural,Illiterate,1759506,709167,1050339,188128,93227,94901
21,ODISHA,Rural,Literate,4910822,2928343,1982479,3172937,2009708,1163229
21,ODISHA,Rural,Literate but below primary,852754,479691,373063,97957,59047,38910
21,ODISHA,Rural,Primary but below middle,1435583,830749,604834,372813,218574,154239
21,ODISHA,Rural,Middle but below matric/secondary,1212222,729680,482542,775502,463075,312427
21,ODISHA,Rural,Matric/Secondary but below graduate,1050474,656028,394446,1344111,859775,484336
21,ODISHA,Rural,Graduate and above,212248,146203,66045,510468,364185,146283
21,ODISHA,Urban,Total,1629418,868877,760541,2164213,1256276,907937
21,ODISHA,Urban,Illiterate,218161,86310,131851,55529,26359,29170
21,ODISHA,Urban,Literate,1411257,782567,628690,2108684,1229917,878767
21,ODISHA,Urban,Literate but below primary,169417,88870,80547,68379,37057,31322
21,ODISHA,Urban,Primary but below middle,335925,176681,159244,176539,91853,84686
21,ODISHA,Urban,Middle but below matric/secondary,288349,163777,124572,260266,144601,115665
21,ODISHA,Urban,Matric/Secondary but below graduate,432592,246142,186450,873123,503758,369365
21,ODISHA,Urban,Graduate and above,145051,86369,58682,679959,426338,253621
22,CHHATTISGARH,Total,Total,2961654,1575471,1386183,422569,245150,177419
22,CHHATTISGARH,Total,Illiterate,724914,300700,424214,59368,29505,29863
22,CHHATTISGARH,Total,Literate,2236740,1274771,961969,363201,215645,147556
22,CHHATTISGARH,Total,Literate but below primary,465468,256787,208681,30086,17499,12587
22,CHHATTISGARH,Total,Primary but below middle,553711,306527,247184,49624,29333,20291
22,CHHATTISGARH,Total,Middle but below matric/secondary,418615,240722,177893,50954,30515,20439
22,CHHATTISGARH,Total,Matric/Secondary but below graduate,480901,285779,195122,112724,68311,44413
22,CHHATTISGARH,Total,Graduate and above,257123,150875,106248,111211,64758,46453
22,CHHATTISGARH,Rural,Total,1897368,1020433,876935,197443,119521,77922
22,CHHATTISGARH,Rural,Illiterate,600064,255179,344885,52972,26569,26403
22,CHHATTISGARH,Rural,Literate,1297304,765254,532050,144471,92952,51519
22,CHHATTISGARH,Rural,Literate but below primary,354232,198518,155714,21925,13224,8701
22,CHHATTISGARH,Rural,Primary but below middle,396382,226279,170103,34879,21717,13162
22,CHHATTISGARH,Rural,Middle but below matric/secondary,280608,167657,112951,32852,20787,12065
22,CHHATTISGARH,Rural,Matric/Secondary but below graduate,183759,119881,63878,35228,23681,11547
22,CHHATTISGARH,Rural,Graduate and above,41376,28947,12429,14853,10479,4374
22,CHHATTISGARH,Urban,Total,1064286,555038,509248,225126,125629,99497
22,CHHATTISGARH,Urban,Illiterate,124850,45521,79329,6396,2936,3460
22,CHHATTISGARH,Urban,Literate,939436,509517,429919,218730,122693,96037
22,CHHATTISGARH,Urban,Literate but below primary,111236,58269,52967,8161,4275,3886
22,CHHATTISGARH,Urban,Primary but below middle,157329,80248,77081,14745,7616,7129
22,CHHATTISGARH,Urban,Middle but below matric/secondary,138007,73065,64942,18102,9728,8374
22,CHHATTISGARH,Urban,Matric/Secondary but below graduate,297142,165898,131244,77496,44630,32866
22,CHHATTISGARH,Urban,Graduate and above,215747,121928,93819,96358,54279,42079
23,MADHYA PRADESH,Total,Total,8550729,4716569,3834160,1257953,758130,499823
23,MADHYA PRADESH,Total,Illiterate,1909228,824453,1084775,50262,25029,25233
23,MADHYA PRADESH,Total,Literate,6641501,3892116,2749385,1207691,733101,474590
23,MADHYA PRADESH,Total,Literate but below primary,1112583,615169,497414,39515,21778,17737
23,MADHYA PRADESH,Total,Primary but below middle,1301928,726799,575129,127166,69242,57924
23,MADHYA PRADESH,Total,Middle but below matric/secondary,1008222,584222,424000,218482,129458,89024
23,MADHYA PRADESH,Total,Matric/Secondary but below graduate,1694992,1036991,658001,431971,272078,159893
23,MADHYA PRADESH,Total,Graduate and above,1309094,805947,503147,360645,222747,137898
23,MADHYA PRADESH,Rural,Total,4766617,2627374,2139243,562738,366897,195841
23,MADHYA PRADESH,Rural,Illiterate,1607900,700279,907621,35336,17432,17904
23,MADHYA PRADESH,Rural,Literate,3158717,1927095,1231622,527402,349465,177937
23,MADHYA PRADESH,Rural,Literate but below primary,833832,465608,368224,19984,11585,8399
23,MADHYA PRADESH,Rural,Primary but below middle,847955,487037,360918,80918,45498,35420
23,MADHYA PRADESH,Rural,Middle but below matric/secondary,574053,353005,221048,149989,93275,56714
23,MADHYA PRADESH,Rural,Matric/Secondary but below graduate,583885,399053,184832,190005,133626,56379
23,MADHYA PRADESH,Rural,Graduate and above,204107,152486,51621,73854,56971,16883
23,MADHYA PRADESH,Urban,Total,3784112,2089195,1694917,695215,391233,303982
23,MADHYA PRADESH,Urban,Illiterate,301328,124174,177154,14926,7597,7329
23,MADHYA PRADESH,Urban,Literate,3482784,1965021,1517763,680289,383636,296653
23,MADHYA PRADESH,Urban,Literate but below primary,278751,149561,129190,19531,10193,9338
23,MADHYA PRADESH,Urban,Primary but below middle,453973,239762,214211,46248,23744,22504
23,MADHYA PRADESH,Urban,Middle but below matric/secondary,434169,231217,202952,68493,36183,32310
23,MADHYA PRADESH,Urban,Matric/Secondary but below graduate,1111107,637938,473169,241966,138452,103514
23,MADHYA PRADESH,Urban,Graduate and above,1104987,653461,451526,286791,165776,121015
24,GUJARAT,Total,Total,17321770,9878480,7443290,8570571,5181262,3389309
24,GUJARAT,Total,Illiterate,1295968,538152,757816,195021,100795,94226
24,GUJARAT,Total,Literate,16025802,9340328,6685474,8375550,5080467,3295083
24,GUJARAT,Total,Literate but below primary,1529946,837941,692005,247338,138848,108490
24,GUJARAT,Total,Primary but below middle,4544953,2425133,2119820,874526,472367,402159
24,GUJARAT,Total,Middle but below matric/secondary,3497776,2196231,1301545,1102143,685441,416702
24,GUJARAT,Total,Matric/Secondary but below graduate,4784889,2948310,1836579,3591482,2238766,1352716
24,GUJARAT,Total,Graduate and above,790533,448261,342272,2184869,1325774,859095
24,GUJARAT,Rural,Total,8417052,5003643,3413409,3031288,1968947,1062341
24,GUJARAT,Rural,Illiterate,600584,255090,345494,64908,35518,29390
24,GUJARAT,Rural,Literate,7816468,4748553,3067915,2966380,1933429,1032951
24,GUJARAT,Rural,Literate but below primary,664042,376221,287821,64256,38531,25725
24,GUJARAT,Rural,Primary but below middle,2541270,1393355,1147915,421281,234090,187191
24,GUJARAT,Rural,Middle but below matric/secondary,1845779,1198555,647224,540591,350856,189735
24,GUJARAT,Rural,Matric/Secondary but below graduate,2107262,1386594,720668,1390148,935822,454326
24,GUJARAT,Rural,Graduate and above,212782,135717,77065,406289,282885,123404
24,GUJARAT,Urban,Total,8904718,4874837,4029881,5539283,3212315,2326968
24,GUJARAT,Urban,Illiterate,695384,283062,412322,130113,65277,64836
24,GUJARAT,Urban,Literate,8209334,4591775,3617559,5409170,3147038,2262132
24,GUJARAT,Urban,Literate but below primary,865904,461720,404184,183082,100317,82765
24,GUJARAT,Urban,Primary but below middle,2003683,1031778,971905,453245,238277,214968
24,GUJARAT,Urban,Middle but below matric/secondary,1651997,997676,654321,561552,334585,226967
24,GUJARAT,Urban,Matric/Secondary but below graduate,2677627,1561716,1115911,2201334,1302944,898390
24,GUJARAT,Urban,Graduate and above,577751,312544,265207,1778580,1042889,735691
25,DAMAN & DIU,Total,Total,82027,49404,32623,34602,21856,12746
25,DAMAN & DIU,Total,Illiterate,5070,2211,2859,640,288,352
25,DAMAN & DIU,Total,Literate,76957,47193,29764,33962,21568,12394
25,DAMAN & DIU,Total,Literate but below primary,8374,4787,3587,1547,858,689
25,DAMAN & DIU,Total,Primary but below middle,17136,9882,7254,3172,1779,1393
25,DAMAN & DIU,Total,Middle but below matric/secondary,15430,9466,5964,4092,2518,1574
25,DAMAN & DIU,Total,Matric/Secondary but below graduate,29492,18937,10555,17094,11273,5821
25,DAMAN & DIU,Total,Graduate and above,4051,2595,1456,7021,4485,2536
25,DAMAN & DIU,Rural,Total,20990,11797,9193,7809,4991,2818
25,DAMAN & DIU,Rural,Illiterate,1066,362,704,87,49,38
25,DAMAN & DIU,Rural,Literate,19924,11435,8489,7722,4942,2780
25,DAMAN & DIU,Rural,Literate but below primary,2137,1196,941,227,128,99
25,DAMAN & DIU,Rural,Primary but below middle,5587,3172,2415,779,454,325
25,DAMAN & DIU,Rural,Middle but below matric/secondary,4717,2631,2086,1180,751,429
25,DAMAN & DIU,Rural,Matric/Secondary but below graduate,6387,3764,2623,4270,2698,1572
25,DAMAN & DIU,Rural,Graduate and above,481,330,151,1051,780,271
25,DAMAN & DIU,Urban,Total,61037,37607,23430,26793,16865,9928
25,DAMAN & DIU,Urban,Illiterate,4004,1849,2155,553,239,314
25,DAMAN & DIU,Urban,Literate,57033,35758,21275,26240,16626,9614
25,DAMAN & DIU,Urban,Literate but below primary,6237,3591,2646,1320,730,590
25,DAMAN & DIU,Urban,Primary but below middle,11549,6710,4839,2393,1325,1068
25,DAMAN & DIU,Urban,Middle but below matric/secondary,10713,6835,3878,2912,1767,1145
25,DAMAN & DIU,Urban,Matric/Secondary but below graduate,23105,15173,7932,12824,8575,4249
25,DAMAN & DIU,Urban,Graduate and above,3570,2265,1305,5970,3705,2265
26,DADRA & NAGAR HAVELI,Total,Total,127467,68955,58512,71516,44256,27260
26,DADRA & NAGAR HAVELI,Total,Illiterate,32447,12037,20410,7444,3719,3725
26,DADRA & NAGAR HAVELI,Total,Literate,95020,56918,38102,64072,40537,23535
26,DADRA & NAGAR HAVELI,Total,Literate but below primary,22965,12457,10508,6989,4223,2766
26,DADRA & NAGAR HAVELI,Total,Primary but below middle,21790,12287,9503,13640,8131,5509
26,DADRA & NAGAR HAVELI,Total,Middle but below matric/secondary,14521,8955,5566,10898,6781,4117
26,DADRA & NAGAR HAVELI,Total,Matric/Secondary but below graduate,23823,15803,8020,19336,13125,6211
26,DADRA & NAGAR HAVELI,Total,Graduate and above,6507,4067,2440,9958,6146,3812
26,DADRA & NAGAR HAVELI,Rural,Total,70674,36412,34262,39658,24897,14761
26,DADRA & NAGAR HAVELI,Rural,Illiterate,26852,9959,16893,6390,3309,3081
26,DADRA & NAGAR HAVELI,Rural,Literate,43822,26453,17369,33268,21588,11680
26,DADRA & NAGAR HAVELI,Rural,Literate but below primary,16367,8889,7478,4543,2865,1678
26,DADRA & NAGAR HAVELI,Rural,Primary but below middle,12019,7017,5002,10051,6098,3953
26,DADRA & NAGAR HAVELI,Rural,Middle but below matric/secondary,5785,3699,2086,7487,4741,2746
26,DADRA & NAGAR HAVELI,Rural,Matric/Secondary but below graduate,6189,4528,1661,7798,5564,2234
26,DADRA & NAGAR HAVELI,Rural,Graduate and above,972,678,294,1734,1174,560
26,DADRA & NAGAR HAVELI,Urban,Total,56793,32543,24250,31858,19359,12499
26,DADRA & NAGAR HAVELI,Urban,Illiterate,5595,2078,3517,1054,410,644
26,DADRA & NAGAR HAVELI,Urban,Literate,51198,30465,20733,30804,18949,11855
26,DADRA & NAGAR HAVELI,Urban,Literate but below primary,6598,3568,3030,2446,1358,1088
26,DADRA & NAGAR HAVELI,Urban,Primary but below middle,9771,5270,4501,3589,2033,1556
26,DADRA & NAGAR HAVELI,Urban,Middle but below matric/secondary,8736,5256,3480,3411,2040,1371
26,DADRA & NAGAR HAVELI,Urban,Matric/Secondary but below graduate,17634,11275,6359,11538,7561,3977
26,DADRA & NAGAR HAVELI,Urban,Graduate and above,5535,3389,2146,8224,4972,3252
27,MAHARASHTRA,Total,Total,37695132,20579481,17115651,19724729,11455478,8269251
27,MAHARASHTRA,Total,Illiterate,4508043,1801653,2706390,873460,432060,441400
27,MAHARASHTRA,Total,Literate,33187089,18777828,14409261,18851269,11023418,7827851
27,MAHARASHTRA,Total,Literate but below primary,4650688,2532229,2118459,915379,505449,409930
27,MAHARASHTRA,Total,Primary but below middle,7233413,3708684,3524729,1869040,975779,893261
27,MAHARASHTRA,Total,Middle but below matric/secondary,6348898,3648849,2700049,2029929,1157224,872705
27,MAHARASHTRA,Total,Matric/Secondary but below graduate,11077702,6651245,4426457,7782603,4680955,3101648
27,MAHARASHTRA,Total,Graduate and above,2323527,1402045,921482,5598022,3317671,2280351
27,MAHARASHTRA,Rural,Total,18305693,10388783,7916910,6072975,3791321,2281654
27,MAHARASHTRA,Rural,Illiterate,2481307,989687,1491620,349555,170231,179324
27,MAHARASHTRA,Rural,Literate,15824386,9399096,6425290,5723420,3621090,2102330
27,MAHARASHTRA,Rural,Literate but below primary,2408941,1375105,1033836,308595,183458,125137
27,MAHARASHTRA,Rural,Primary but below middle,3563583,1905160,1658423,695672,374236,321436
27,MAHARASHTRA,Rural,Middle but below matric/secondary,3255372,1936601,1318771,818872,480577,338295
27,MAHARASHTRA,Rural,Matric/Secondary but below graduate,5082259,3232118,1850141,2573484,1649602,923882
27,MAHARASHTRA,Rural,Graduate and above,660318,473505,186813,1086804,781784,305020
27,MAHARASHTRA,Urban,Total,19389439,10190698,9198741,13651754,7664157,5987597
27,MAHARASHTRA,Urban,Illiterate,2026736,811966,1214770,523905,261829,262076
27,MAHARASHTRA,Urban,Literate,17362703,9378732,7983971,13127849,7402328,5725521
27,MAHARASHTRA,Urban,Literate but below primary,2241747,1157124,1084623,606784,321991,284793
27,MAHARASHTRA,Urban,Primary but below middle,3669830,1803524,1866306,1173368,601543,571825
27,MAHARASHTRA,Urban,Middle but below matric/secondary,3093526,1712248,1381278,1211057,676647,534410
27,MAHARASHTRA,Urban,Matric/Secondary but below graduate,5995443,3419127,2576316,5209119,3031353,2177766
27,MAHARASHTRA,Urban,Graduate and above,1663209,928540,734669,4511218,2535887,1975331
28,ANDHRA PRADESH,Total,Total,15238958,8357610,6881348,6344376,3836382,2507994
28,ANDHRA PRADESH,Total,Illiterate,3479672,1425892,2053780,294933,138416,156517
28,ANDHRA PRADESH,Total,Literate,11759286,6931718,4827568,6049443,3697966,2351477
28,ANDHRA PRADESH,Total,Literate but below primary,1146751,625135,521616,158933,88292,70641
28,ANDHRA PRADESH,Total,Primary but below middle,2340173,1277877,1062296,531684,285726,245958
28,ANDHRA PRADESH,Total,Middle but below matric/secondary,1166018,648606,517412,512545,275622,236923
28,ANDHRA PRADESH,Total,Matric/Secondary but below graduate,4316646,2609656,1706990,2493054,1506000,987054
28,ANDHRA PRADESH,Total,Graduate and above,2069240,1337660,731580,2067722,1362725,704997
28,ANDHRA PRADESH,Rural,Total,8500920,4705043,3795877,2361512,1475239,886273
28,ANDHRA PRADESH,Rural,Illiterate,2569549,1053970,1515579,149911,72119,77792
28,ANDHRA PRADESH,Rural,Literate,5931371,3651073,2280298,2211601,1403120,808481
28,ANDHRA PRADESH,Rural,Literate but below primary,699416,387381,312035,56782,33651,23131
28,ANDHRA PRADESH,Rural,Primary but below middle,1327501,752854,574647,244824,136561,108263
28,ANDHRA PRADESH,Rural,Middle but below matric/secondary,668383,387503,280880,270486,150751,119735
28,ANDHRA PRADESH,Rural,Matric/Secondary but below graduate,2135776,1365921,769855,1058410,667234,391176
28,ANDHRA PRADESH,Rural,Graduate and above,744329,532901,211428,480903,348487,132416
28,ANDHRA PRADESH,Urban,Total,6738038,3652567,3085471,3982864,2361143,1621721
28,ANDHRA PRADESH,Urban,Illiterate,910123,371922,538201,145022,66297,78725
28,ANDHRA PRADESH,Urban,Literate,5827915,3280645,2547270,3837842,2294846,1542996
28,ANDHRA PRADESH,Urban,Literate but below primary,447335,237754,209581,102151,54641,47510
28,ANDHRA PRADESH,Urban,Primary but below middle,1012672,525023,487649,286860,149165,137695
28,ANDHRA PRADESH,Urban,Middle but below matric/secondary,497635,261103,236532,242059,124871,117188
28,ANDHRA PRADESH,Urban,Matric/Secondary but below graduate,2180870,1243735,937135,1434644,838766,595878
28,ANDHRA PRADESH,Urban,Graduate and above,1324911,804759,520152,1586819,1014238,572581
29,KARNATAKA,Total,Total,16420465,8513790,7906675,7832129,4519095,3313034
29,KARNATAKA,Total,Illiterate,3654635,1425445,2229190,520391,234257,286134
29,KARNATAKA,Total,Literate,12765830,7088345,5677485,7311738,4284838,3026900
29,KARNATAKA,Total,Literate but below primary,1991632,1058209,933423,423201,233894,189307
29,KARNATAKA,Total,Primary but below middle,3077695,1608409,1469286,946713,521828,424885
29,KARNATAKA,Total,Middle but below matric/secondary,1630466,908191,722275,679256,385569,293687
29,KARNATAKA,Total,Matric/Secondary but below graduate,4037437,2322163,1715274,2906755,1722349,1184406
29,KARNATAKA,Total,Graduate and above,1252532,769122,483410,1978824,1198529,780295
29,KARNATAKA,Rural,Total,8694265,4562138,4132127,2048187,1236259,811928
29,KARNATAKA,Rural,Illiterate,2479447,964780,1514667,211275,94529,116746
29,KARNATAKA,Rural,Literate,6214818,3597358,2617460,1836912,1141730,695182
29,KARNATAKA,Rural,Literate but below primary,1146836,622745,524091,132343,77020,55323
29,KARNATAKA,Rural,Primary but below middle,1665826,899682,766144,323202,183953,139249
29,KARNATAKA,Rural,Middle but below matric/secondary,882008,515764,366244,237999,142328,95671
29,KARNATAKA,Rural,Matric/Secondary but below graduate,1772045,1089904,682141,756542,478777,277765
29,KARNATAKA,Rural,Graduate and above,321387,227005,94382,265396,182825,82571
29,KARNATAKA,Urban,Total,7726200,3951652,3774548,5783942,3282836,2501106
29,KARNATAKA,Urban,Illiterate,1175188,460665,714523,309116,139728,169388
29,KARNATAKA,Urban,Literate,6551012,3490987,3060025,5474826,3143108,2331718
29,KARNATAKA,Urban,Literate but below primary,844796,435464,409332,290858,156874,133984
29,KARNATAKA,Urban,Primary but below middle,1411869,708727,703142,623511,337875,285636
29,KARNATAKA,Urban,Middle but below matric/secondary,748458,392427,356031,441257,243241,198016
29,KARNATAKA,Urban,Matric/Secondary but below graduate,2265392,1232259,1033133,2150213,1243572,906641
29,KARNATAKA,Urban,Graduate and above,931145,542117,389028,1713428,1015704,697724
30,GOA,Total,Total,384903,192062,192841,741249,395322,345927
30,GOA,Total,Illiterate,48265,18080,30185,26275,11158,15117
30,GOA,Total,Literate,336638,173982,162656,714974,384164,330810
30,GOA,Total,Literate but below primary,78084,38315,39769,50784,26197,24587
30,GOA,Total,Primary but below middle,68560,34565,33995,91921,48542,43379
30,GOA,Total,Middle but below matric/secondary,46437,25063,21374,107150,58697,48453
30,GOA,Total,Matric/Secondary but below graduate,88725,50135,38590,295303,165236,130067
30,GOA,Total,Graduate and above,24916,12586,12330,118244,59684,58560
30,GOA,Rural,Total,151061,73731,77330,261781,141675,120106
30,GOA,Rural,Illiterate,18971,6672,12299,7857,3276,4581
30,GOA,Rural,Literate,132090,67059,65031,253924,138399,115525
30,GOA,Rural,Literate but below primary,36323,18129,18194,17469,9085,8384
30,GOA,Rural,Primary but below middle,29003,14509,14494,35989,19157,16832
30,GOA,Rural,Middle but below matric/secondary,20026,10695,9331,48490,26768,21722
30,GOA,Rural,Matric/Secondary but below graduate,28459,15539,12920,104125,59130,44995
30,GOA,Rural,Graduate and above,5620,2737,2883,28157,14183,13974
30,GOA,Urban,Total,233842,118331,115511,479468,253647,225821
30,GOA,Urban,Illiterate,29294,11408,17886,18418,7882,10536
30,GOA,Urban,Literate,204548,106923,97625,461050,245765,215285
30,GOA,Urban,Literate but below primary,41761,20186,21575,33315,17112,16203
30,GOA,Urban,Primary but below middle,39557,20056,19501,55932,29385,26547
30,GOA,Urban,Middle but below matric/secondary,26411,14368,12043,58660,31929,26731
30,GOA,Urban,Matric/Secondary but below graduate,60266,34596,25670,191178,106106,85072
30,GOA,Urban,Graduate and above,19296,9849,9447,90087,45501,44586
31,LAKSHADWEEP,Total,Total,8572,4903,3669,9981,6435,3546
31,LAKSHADWEEP,Total,Illiterate,150,103,47,87,55,32
31,LAKSHADWEEP,Total,Literate,8422,4800,3622,9894,6380,3514
31,LAKSHADWEEP,Total,Literate but below primary,603,303,300,224,174,50
31,LAKSHADWEEP,Total,Primary but below middle,1426,755,671,916,567,349
31,LAKSHADWEEP,Total,Middle but below matric/secondary,2120,1166,954,2022,1263,759
31,LAKSHADWEEP,Total,Matric/Secondary but below graduate,3291,1955,1336,4874,3136,1738
31,LAKSHADWEEP,Total,Graduate and above,514,297,217,1549,1034,515
31,LAKSHADWEEP,Rural,Total,1500,875,625,2007,1213,794
31,LAKSHADWEEP,Rural,Illiterate,11,9,2,38,15,23
31,LAKSHADWEEP,Rural,Literate,1489,866,623,1969,1198,771
31,LAKSHADWEEP,Rural,Literate but below primary,40,22,18,15,12,3
31,LAKSHADWEEP,Rural,Primary but below middle,175,116,59,116,56,60
31,LAKSHADWEEP,Rural,Middle but below matric/secondary,358,188,170,450,212,238
31,LAKSHADWEEP,Rural,Matric/Secondary but below graduate,756,438,318,1062,680,382
31,LAKSHADWEEP,Rural,Graduate and above,83,55,28,247,188,59
31,LAKSHADWEEP,Urban,Total,7072,4028,3044,7974,5222,2752
31,LAKSHADWEEP,Urban,Illiterate,139,94,45,49,40,9
31,LAKSHADWEEP,Urban,Literate,6933,3934,2999,7925,5182,2743
31,LAKSHADWEEP,Urban,Literate but below primary,563,281,282,209,162,47
31,LAKSHADWEEP,Urban,Primary but below middle,1251,639,612,800,511,289
31,LAKSHADWEEP,Urban,Middle but below matric/secondary,1762,978,784,1572,1051,521
31,LAKSHADWEEP,Urban,Matric/Secondary but below graduate,2535,1517,1018,3812,2456,1356
31,LAKSHADWEEP,Urban,Graduate and above,431,242,189,1302,846,456
32,KERALA,Total,Total,4974574,2559063,2415511,3188813,1734057,1454756
32,KERALA,Total,Illiterate,113149,46302,66847,23063,10460,12603
32,KERALA,Total,Literate,4861425,2512761,2348664,3165750,1723597,1442153
32,KERALA,Total,Literate but below primary,287238,156148,131090,88245,51246,36999
32,KERALA,Total,Primary but below middle,434258,250922,183336,166485,101482,65003
32,KERALA,Total,Middle but below matric/secondary,604538,351021,253517,295755,176997,118758
32,KERALA,Total,Matric/Secondary but below graduate,2344459,1217269,1127190,1502612,838012,664600
32,KERALA,Total,Graduate and above,971369,427784,543585,979672,485451,494221
32,KERALA,Rural,Total,2453128,1270901,1182227,1360343,742683,617660
32,KERALA,Rural,Illiterate,72667,29024,43643,12118,5398,6720
32,KERALA,Rural,Literate,2380461,1241877,1138584,1348225,737285,610940
32,KERALA,Rural,Literate but below primary,148717,81281,67436,40712,23595,17117
32,KERALA,Rural,Primary but below middle,222157,128146,94011,77837,46849,30988
32,KERALA,Rural,Middle but below matric/secondary,311595,181217,130378,140783,83743,57040
32,KERALA,Rural,Matric/Secondary but below graduate,1179081,612388,566693,691715,384063,307652
32,KERALA,Rural,Graduate and above,413408,185471,227937,342783,170257,172526
32,KERALA,Urban,Total,2521446,1288162,1233284,1828470,991374,837096
32,KERALA,Urban,Illiterate,40482,17278,23204,10945,5062,5883
32,KERALA,Urban,Literate,2480964,1270884,1210080,1817525,986312,831213
32,KERALA,Urban,Literate but below primary,138521,74867,63654,47533,27651,19882
32,KERALA,Urban,Primary but below middle,212101,122776,89325,88648,54633,34015
32,KERALA,Urban,Middle but below matric/secondary,292943,169804,123139,154972,93254,61718
32,KERALA,Urban,Matric/Secondary but below graduate,1165378,604881,560497,810897,453949,356948
32,KERALA,Urban,Graduate and above,557961,242313,315648,636889,315194,321695
33,TAMIL NADU,Total,Total,17969107,9590729,8378378,2447163,1410192,1036971
33,TAMIL NADU,Total,Illiterate,1789247,668986,1120261,99963,43639,56324
33,TAMIL NADU,Total,Literate,16179860,8921743,7258117,2347200,1366553,980647
33,TAMIL NADU,Total,Literate but below primary,952587,492259,460328,88799,47423,41376
33,TAMIL NADU,Total,Primary but below middle,2301545,1213491,1088054,199519,111170,88349
33,TAMIL NADU,Total,Middle but below matric/secondary,2363041,1252921,1110120,219819,122504,97315
33,TAMIL NADU,Total,Matric/Secondary but below graduate,6660637,3761825,2898812,938290,559320,378970
33,TAMIL NADU,Total,Graduate and above,3278139,1864480,1413659,818268,478156,340112
33,TAMIL NADU,Rural,Total,7521748,4098341,3423407,568669,344518,224151
33,TAMIL NADU,Rural,Illiterate,1061796,407720,654076,57631,25707,31924
33,TAMIL NADU,Rural,Literate,6459952,3690621,2769331,511038,318811,192227
33,TAMIL NADU,Rural,Literate but below primary,423536,224532,199004,25638,14630,11008
33,TAMIL NADU,Rural,Primary but below middle,1083400,596815,486585,68388,41755,26633
33,TAMIL NADU,Rural,Middle but below matric/secondary,1145278,630474,514804,72392,43789,28603
33,TAMIL NADU,Rural,Matric/Secondary but below graduate,2763088,1610281,1152807,231451,146984,84467
33,TAMIL NADU,Rural,Graduate and above,798777,489109,309668,93905,59547,34358
33,TAMIL NADU,Urban,Total,10447359,5492388,4954971,1878494,1065674,812820
33,TAMIL NADU,Urban,Illiterate,727451,261266,466185,42332,17932,24400
33,TAMIL NADU,Urban,Literate,9719908,5231122,4488786,1836162,1047742,788420
33,TAMIL NADU,Urban,Literate but below primary,529051,267727,261324,63161,32793,30368
33,TAMIL NADU,Urban,Primary but below middle,1218145,616676,601469,131131,69415,61716
33,TAMIL NADU,Urban,Middle but below matric/secondary,1217763,622447,595316,147427,78715,68712
33,TAMIL NADU,Urban,Matric/Secondary but below graduate,3897549,2151544,1746005,706839,412336,294503
33,TAMIL NADU,Urban,Graduate and above,2479362,1375371,1103991,724363,418609,305754
34,PUDUCHERRY,Total,Total,320627,172773,147854,71665,40809,30856
34,PUDUCHERRY,Total,Illiterate,6400,2398,4002,700,350,350
34,PUDUCHERRY,Total,Literate,314227,170375,143852,70965,40459,30506
34,PUDUCHERRY,Total,Literate but below primary,11278,5727,5551,1680,898,782
34,PUDUCHERRY,Total,Primary but below middle,26251,13078,13173,3794,1966,1828
34,PUDUCHERRY,Total,Middle but below matric/secondary,36209,18319,17890,5266,2926,2340
34,PUDUCHERRY,Total,Matric/Secondary but below graduate,143185,79104,64081,28262,16366,11896
34,PUDUCHERRY,Total,Graduate and above,90387,50527,39860,30133,17319,12814
34,PUDUCHERRY,Rural,Total,75952,42238,33714,5029,3145,1884
34,PUDUCHERRY,Rural,Illiterate,1680,569,1111,68,35,33
34,PUDUCHERRY,Rural,Literate,74272,41669,32603,4961,3110,1851
34,PUDUCHERRY,Rural,Literate but below primary,2387,1268,1119,161,94,67
34,PUDUCHERRY,Rural,Primary but below middle,6374,3226,3148,482,236,246
34,PUDUCHERRY,Rural,Middle but below matric/secondary,9875,5190,4685,451,269,182
34,PUDUCHERRY,Rural,Matric/Secondary but below graduate,38396,22010,16386,2116,1437,679
34,PUDUCHERRY,Rural,Graduate and above,15706,9080,6626,1635,998,637
34,PUDUCHERRY,Urban,Total,244675,130535,114140,66636,37664,28972
34,PUDUCHERRY,Urban,Illiterate,4720,1829,2891,632,315,317
34,PUDUCHERRY,Urban,Literate,239955,128706,111249,66004,37349,28655
34,PUDUCHERRY,Urban,Literate but below primary,8891,4459,4432,1519,804,715
34,PUDUCHERRY,Urban,Primary but below middle,19877,9852,10025,3312,1730,1582
34,PUDUCHERRY,Urban,Middle but below matric/secondary,26334,13129,13205,4815,2657,2158
34,PUDUCHERRY,Urban,Matric/Secondary but below graduate,104789,57094,47695,26146,14929,11217
34,PUDUCHERRY,Urban,Graduate and above,74681,41447,33234,28498,16321,12177
35,ANDAMAN & NICOBAR ISLANDS,Total,Total,184717,100532,84185,72708,41846,30862
35,ANDAMAN & NICOBAR ISLANDS,Total,Illiterate,23098,10083,13015,1434,669,765
35,ANDAMAN & NICOBAR ISLANDS,Total,Literate,161619,90449,71170,71274,41177,30097
35,ANDAMAN & NICOBAR ISLANDS,Total,Literate but below primary,24689,13535,11154,3567,1936,1631
35,ANDAMAN & NICOBAR ISLANDS,Total,Primary but below middle,43867,24655,19212,8570,4836,3734
35,ANDAMAN & NICOBAR ISLANDS,Total,Middle but below matric/secondary,40946,23422,17524,13994,8315,5679
35,ANDAMAN & NICOBAR ISLANDS,Total,Matric/Secondary but below graduate,40187,22468,17719,30717,17637,13080
35,ANDAMAN & NICOBAR ISLANDS,Total,Graduate and above,8438,4563,3875,13335,7817,5518
35,ANDAMAN & NICOBAR ISLANDS,Rural,Total,114464,62515,51949,38136,22243,15893
35,ANDAMAN & NICOBAR ISLANDS,Rural,Illiterate,14908,6618,8290,660,315,345
35,ANDAMAN & NICOBAR ISLANDS,Rural,Literate,99556,55897,43659,37476,21928,15548
35,ANDAMAN & NICOBAR ISLANDS,Rural,Literate but below primary,16744,9327,7417,1879,1019,860
35,ANDAMAN & NICOBAR ISLANDS,Rural,Primary but below middle,29697,16668,13029,5175,2931,2244
35,ANDAMAN & NICOBAR ISLANDS,Rural,Middle but below matric/secondary,26712,15172,11540,8738,5153,3585
35,ANDAMAN & NICOBAR ISLANDS,Rural,Matric/Secondary but below graduate,21399,11988,9411,15900,9255,6645
35,ANDAMAN & NICOBAR ISLANDS,Rural,Graduate and above,2890,1630,1260,5246,3258,1988
35,ANDAMAN & NICOBAR ISLANDS,Urban,Total,70253,38017,32236,34572,19603,14969
35,ANDAMAN & NICOBAR ISLANDS,Urban,Illiterate,8190,3465,4725,774,354,420
35,ANDAMAN & NICOBAR ISLANDS,Urban,Literate,62063,34552,27511,33798,19249,14549
35,ANDAMAN & NICOBAR ISLANDS,Urban,Literate but below primary,7945,4208,3737,1688,917,771
35,ANDAMAN & NICOBAR ISLANDS,Urban,Primary but below middle,14170,7987,6183,3395,1905,1490
35,ANDAMAN & NICOBAR ISLANDS,Urban,Middle but below matric/secondary,14234,8250,5984,5256,3162,2094
35,ANDAMAN & NICOBAR ISLANDS,Urban,Matric/Secondary but below graduate,18788,10480,8308,14817,8382,6435
35,ANDAMAN & NICOBAR ISLANDS,Urban,Graduate and above,5548,2933,2615,8089,4559,3530
