State Code,State Name,Type,Age Group,Two Total,Two Male,Two Female,Three Total,Three Male,Three Female
0,INDIA,Total,Total,228979190,126159551,102819639,86009580,50536832,35472748
0,INDIA,Total,5-9,13805084,7188692,6616392,1844108,978151,865957
0,INDIA,Total,10-14,27234157,14302292,12931865,7254335,3831131,3423204
0,INDIA,Total,15-19,29797882,15958142,13839740,12626717,6792766,5833951
0,INDIA,Total,20-24,28510072,15319080,13190992,12834334,7067614,5766720
0,INDIA,Total,25-29,25066874,13550988,11515886,10857171,6144045,4713126
0,INDIA,Total,30-49,68976986,39041847,29935139,27466884,16824473,10642411
0,INDIA,Total,50-69,28813421,16920768,11892653,10916361,7385967,3530394
0,INDIA,Total,70+,6007808,3450976,2556832,1954539,1362695,591844
0,INDIA,Total,Age not stated,766906,426766,340140,255131,149990,105141
0,INDIA,Rural,Total,127257496,71216990,56040506,35383989,21771062,13612927
0,INDIA,Rural,5-9,8619753,4459004,4160749,672498,356376,316122
0,INDIA,Rural,10-14,17321726,9076421,8245305,3638873,1929573,1709300
0,INDIA,Rural,15-19,17987978,9726204,8261774,6559688,3616092,2943596
0,INDIA,Rural,20-24,15939543,8730193,7209350,5966021,3449951,2516070
0,INDIA,Rural,25-29,13483541,7492507,5991034,4569413,2768678,1800735
0,INDIA,Rural,30-49,35834430,20909339,14925091,10139312,6778161,3361151
0,INDIA,Rural,50-69,14608987,8782315,5826672,3215504,2413157,802347
0,INDIA,Rural,70+,3101453,1836276,1265177,534536,404113,130423
0,INDIA,Rural,Age not stated,360085,204731,155354,88144,54961,33183
0,INDIA,Urban,Total,101721694,54942561,46779133,50625591,28765770,21859821
0,INDIA,Urban,5-9,5185331,2729688,2455643,1171610,621775,549835
0,INDIA,Urban,10-14,9912431,5225871,4686560,3615462,1901558,1713904
0,INDIA,Urban,15-19,11809904,6231938,5577966,6067029,3176674,2890355
0,INDIA,Urban,20-24,12570529,6588887,5981642,6868313,3617663,3250650
0,INDIA,Urban,25-29,11583333,6058481,5524852,6287758,3375367,2912391
0,INDIA,Urban,30-49,33142556,18132508,15010048,17327572,10046312,7281260
0,INDIA,Urban,50-69,14204434,8138453,6065981,7700857,4972810,2728047
0,INDIA,Urban,70+,2906355,1614700,1291655,1420003,958582,461421
0,INDIA,Urban,Age not stated,406821,222035,184786,166987,95029,71958
1,JAMMU & KASHMIR,Total,Total,4086970,2376063,1710907,2096220,1258756,837464
1,JAMMU & KASHMIR,Total,5-9,362954,194915,168039,73589,39782,33807
1,JAMMU & KASHMIR,Total,10-14,682784,365740,317044,222586,121618,100968
1,JAMMU & KASHMIR,Total,15-19,562972,300967,262005,339152,187145,152007
1,JAMMU & KASHMIR,Total,20-24,463341,257763,205578,343400,191644,151756
1,JAMMU & KASHMIR,Total,25-29,427651,254652,172999,271949,157424,114525
1,JAMMU & KASHMIR,Total,30-49,1108333,691340,416993,607745,387660,220085
1,JAMMU & KASHMIR,Total,50-69,385115,250994,134121,202306,147122,55184
1,JAMMU & KASHMIR,Total,70+,90302,57457,32845,33910,25382,8528
1,JAMMU & KASHMIR,Total,Age not stated,3518,2235,1283,1583,979,604
1,JAMMU & KASHMIR,Rural,Total,2908514,1691659,1216855,1258724,778704,480020
1,JAMMU & KASHMIR,Rural,5-9,268364,144102,124262,52954,28627,24327
1,JAMMU & KASHMIR,Rural,10-14,522789,280119,242670,162463,89191,73272
1,JAMMU & KASHMIR,Rural,15-19,428611,229506,199105,230865,130000,100865
1,JAMMU & KASHMIR,Rural,20-24,338003,185910,152093,215100,124592,90508
1,JAMMU & KASHMIR,Rural,25-29,294029,171688,122341,156318,94469,61849
1,JAMMU & KASHMIR,Rural,30-49,742221,467155,275066,329557,224256,105301
1,JAMMU & KASHMIR,Rural,50-69,251916,171764,80152,94087,74449,19638
1,JAMMU & KASHMIR,Rural,70+,60175,39967,20208,16289,12406,3883
1,JAMMU & KASHMIR,Rural,Age not stated,2406,1448,958,1091,714,377
1,JAMMU & KASHMIR,Urban,Total,1178456,684404,494052,837496,480052,357444
1,JAMMU & KASHMIR,Urban,5-9,94590,50813,43777,20635,11155,9480
1,JAMMU & KASHMIR,Urban,10-14,159995,85621,74374,60123,32427,27696
1,JAMMU & KASHMIR,Urban,15-19,134361,71461,62900,108287,57145,51142
1,JAMMU & KASHMIR,Urban,20-24,125338,71853,53485,128300,67052,61248
1,JAMMU & KASHMIR,Urban,25-29,133622,82964,50658,115631,62955,52676
1,JAMMU & KASHMIR,Urban,30-49,366112,224185,141927,278188,163404,114784
1,JAMMU & KASHMIR,Urban,50-69,133199,79230,53969,108219,72673,35546
1,JAMMU & KASHMIR,Urban,70+,30127,17490,12637,17621,12976,4645
1,JAMMU & KASHMIR,Urban,Age not stated,1112,787,325,492,265,227
2,HIMACHAL PRADESH,Total,Total,895419,483488,411931,347286,200478,146808
2,HIMACHAL PRADESH,Total,5-9,59504,31514,27990,6545,3640,2905
2,HIMACHAL PRADESH,Total,10-14,98614,53058,45556,29483,15935,13548
2,HIMACHAL PRADESH,Total,15-19,98270,52870,45400,51298,26777,24521
2,HIMACHAL PRADESH,Total,20-24,103368,54327,49041,52839,27019,25820
2,HIMACHAL PRADESH,Total,25-29,94633,48876,45757,45565,23722,21843
2,HIMACHAL PRADESH,Total,30-49,289520,154518,135002,112797,66731,46066
2,HIMACHAL PRADESH,Total,50-69,121352,70192,51160,40987,30350,10637
2,HIMACHAL PRADESH,Total,70+,29140,17548,11592,7396,6089,1307
2,HIMACHAL PRADESH,Total,Age not stated,1018,585,433,376,215,161
2,HIMACHAL PRADESH,Rural,Total,700701,375762,324939,280817,163039,117778
2,HIMACHAL PRADESH,Rural,5-9,49468,26115,23353,5197,2871,2326
2,HIMACHAL PRADESH,Rural,10-14,79738,42448,37290,24871,13369,11502
2,HIMACHAL PRADESH,Rural,15-19,76865,41069,35796,44018,22842,21176
2,HIMACHAL PRADESH,Rural,20-24,79920,41476,38444,44980,22873,22107
2,HIMACHAL PRADESH,Rural,25-29,72816,36925,35891,37965,19738,18227
2,HIMACHAL PRADESH,Rural,30-49,222512,117826,104686,89215,53849,35366
2,HIMACHAL PRADESH,Rural,50-69,94817,54916,39901,29264,23010,6254
2,HIMACHAL PRADESH,Rural,70+,23735,14510,9225,4985,4304,681
2,HIMACHAL PRADESH,Rural,Age not stated,830,477,353,322,183,139
2,HIMACHAL PRADESH,Urban,Total,194718,107726,86992,66469,37439,29030
2,HIMACHAL PRADESH,Urban,5-9,10036,5399,4637,1348,769,579
2,HIMACHAL PRADESH,Urban,10-14,18876,10610,8266,4612,2566,2046
2,HIMACHAL PRADESH,Urban,15-19,21405,11801,9604,7280,3935,3345
2,HIMACHAL PRADESH,Urban,20-24,23448,12851,10597,7859,4146,3713
2,HIMACHAL PRADESH,Urban,25-29,21817,11951,9866,7600,3984,3616
2,HIMACHAL PRADESH,Urban,30-49,67008,36692,30316,23582,12882,10700
2,HIMACHAL PRADESH,Urban,50-69,26535,15276,11259,11723,7340,4383
2,HIMACHAL PRADESH,Urban,70+,5405,3038,2367,2411,1785,626
2,HIMACHAL PRADESH,Urban,Age not stated,188,108,80,54,32,22
3,PUNJAB,Total,Total,5205311,2900342,2304969,7829913,4383841,3446072
3,PUNJAB,Total,5-9,286397,157010,129387,182720,101811,80909
3,PUNJAB,Total,10-14,684949,382728,302221,737273,408297,328976
3,PUNJAB,Total,15-19,650158,368767,281391,1289483,700576,588907
3,PUNJAB,Total,20-24,598747,328919,269828,1267339,653430,613909
3,PUNJAB,Total,25-29,549947,299288,250659,1002556,517566,484990
3,PUNJAB,Total,30-49,1606582,880329,726253,2322915,1306172,1016743
3,PUNJAB,Total,50-69,685556,395789,289767,881384,586330,295054
3,PUNJAB,Total,70+,137069,84368,52701,137067,104602,32465
3,PUNJAB,Total,Age not stated,5906,3144,2762,9176,5057,4119
3,PUNJAB,Rural,Total,2852310,1593793,1258517,4230870,2404467,1826403
3,PUNJAB,Rural,5-9,133567,72633,60934,85168,47132,38036
3,PUNJAB,Rural,10-14,416661,232138,184523,441821,241904,199917
3,PUNJAB,Rural,15-19,407500,229868,177632,814423,440271,374152
3,PUNJAB,Rural,20-24,352624,190068,162556,752594,384833,367761
3,PUNJAB,Rural,25-29,302846,160694,142152,553822,286558,267264
3,PUNJAB,Rural,30-49,850172,463634,386538,1169080,688702,480378
3,PUNJAB,Rural,50-69,323078,199081,123997,351988,264840,87148
3,PUNJAB,Rural,70+,62211,43737,18474,55969,46863,9106
3,PUNJAB,Rural,Age not stated,3651,1940,1711,6005,3364,2641
3,PUNJAB,Urban,Total,2353001,1306549,1046452,3599043,1979374,1619669
3,PUNJAB,Urban,5-9,152830,84377,68453,97552,54679,42873
3,PUNJAB,Urban,10-14,268288,150590,117698,295452,166393,129059
3,PUNJAB,Urban,15-19,242658,138899,103759,475060,260305,214755
3,PUNJAB,Urban,20-24,246123,138851,107272,514745,268597,246148
3,PUNJAB,Urban,25-29,247101,138594,108507,448734,231008,217726
3,PUNJAB,Urban,30-49,756410,416695,339715,1153835,617470,536365
3,PUNJAB,Urban,50-69,362478,196708,165770,529396,321490,207906
3,PUNJAB,Urban,70+,74858,40631,34227,81098,57739,23359
3,PUNJAB,Urban,Age not stated,2255,1204,1051,3171,1693,1478
4,CHANDIGARH,Total,Total,257941,144341,113600,321979,178557,143422
4,CHANDIGARH,Total,5-9,17059,9321,7738,8546,4769,3777
4,CHANDIGARH,Total,10-14,24413,13727,10686,27428,15536,11892
4,CHANDIGARH,Total,15-19,27583,15927,11656,41223,22603,18620
4,CHANDIGARH,Total,20-24,33233,19161,14072,46022,24462,21560
4,CHANDIGARH,Total,25-29,30669,17284,13385,37130,19888,17242
4,CHANDIGARH,Total,30-49,85106,47820,37286,97908,53148,44760
4,CHANDIGARH,Total,50-69,32856,17891,14965,52830,31082,21748
4,CHANDIGARH,Total,70+,6958,3176,3782,10827,7034,3793
4,CHANDIGARH,Total,Age not stated,64,34,30,65,35,30
4,CHANDIGARH,Rural,Total,7370,4422,2948,4353,2647,1706
4,CHANDIGARH,Rural,5-9,484,242,242,117,63,54
4,CHANDIGARH,Rural,10-14,712,408,304,426,238,188
4,CHANDIGARH,Rural,15-19,732,475,257,690,391,299
4,CHANDIGARH,Rural,20-24,969,613,356,713,413,300
4,CHANDIGARH,Rural,25-29,1129,652,477,661,388,273
4,CHANDIGARH,Rural,30-49,2548,1588,960,1375,872,503
4,CHANDIGARH,Rural,50-69,689,385,304,323,241,82
4,CHANDIGARH,Rural,70+,107,59,48,45,39,6
4,CHANDIGARH,Rural,Age not stated,0,0,0,3,2,1
4,CHANDIGARH,Urban,Total,250571,139919,110652,317626,175910,141716
4,CHANDIGARH,Urban,5-9,16575,9079,7496,8429,4706,3723
4,CHANDIGARH,Urban,10-14,23701,13319,10382,27002,15298,11704
4,CHANDIGARH,Urban,15-19,26851,15452,11399,40533,22212,18321
4,CHANDIGARH,Urban,20-24,32264,18548,13716,45309,24049,21260
4,CHANDIGARH,Urban,25-29,29540,16632,12908,36469,19500,16969
4,CHANDIGARH,Urban,30-49,82558,46232,36326,96533,52276,44257
4,CHANDIGARH,Urban,50-69,32167,17506,14661,52507,30841,21666
4,CHANDIGARH,Urban,70+,6851,3117,3734,10782,6995,3787
4,CHANDIGARH,Urban,Age not stated,64,34,30,62,33,29
5,UTTARAKHAND,Total,Total,1569934,873233,696701,187822,109529,78293
5,UTTARAKHAND,Total,5-9,97823,51751,46072,4215,2203,2012
5,UTTARAKHAND,Total,10-14,181937,97471,84466,15904,8455,7449
5,UTTARAKHAND,Total,15-19,228140,123001,105139,29527,15281,14246
5,UTTARAKHAND,Total,20-24,216327,117576,98751,30022,16609,13413
5,UTTARAKHAND,Total,25-29,170870,92707,78163,22692,12905,9787
5,UTTARAKHAND,Total,30-49,444627,253044,191583,55013,33589,21424
5,UTTARAKHAND,Total,50-69,185901,111308,74593,24489,16063,8426
5,UTTARAKHAND,Total,70+,41576,24769,16807,5732,4297,1435
5,UTTARAKHAND,Total,Age not stated,2733,1606,1127,228,127,101
5,UTTARAKHAND,Rural,Total,764620,425075,339545,70611,42893,27718
5,UTTARAKHAND,Rural,5-9,55824,29443,26381,1803,938,865
5,UTTARAKHAND,Rural,10-14,100492,53159,47333,7482,3936,3546
5,UTTARAKHAND,Rural,15-19,119452,63715,55737,14319,7686,6633
5,UTTARAKHAND,Rural,20-24,103670,56137,47533,12656,7192,5464
5,UTTARAKHAND,Rural,25-29,77874,43173,34701,8638,5248,3390
5,UTTARAKHAND,Rural,30-49,203273,117521,85752,18177,12304,5873
5,UTTARAKHAND,Rural,50-69,82928,49465,33463,6182,4552,1630
5,UTTARAKHAND,Rural,70+,20033,11853,8180,1292,1010,282
5,UTTARAKHAND,Rural,Age not stated,1074,609,465,62,27,35
5,UTTARAKHAND,Urban,Total,805314,448158,357156,117211,66636,50575
5,UTTARAKHAND,Urban,5-9,41999,22308,19691,2412,1265,1147
5,UTTARAKHAND,Urban,10-14,81445,44312,37133,8422,4519,3903
5,UTTARAKHAND,Urban,15-19,108688,59286,49402,15208,7595,7613
5,UTTARAKHAND,Urban,20-24,112657,61439,51218,17366,9417,7949
5,UTTARAKHAND,Urban,25-29,92996,49534,43462,14054,7657,6397
5,UTTARAKHAND,Urban,30-49,241354,135523,105831,36836,21285,15551
5,UTTARAKHAND,Urban,50-69,102973,61843,41130,18307,11511,6796
5,UTTARAKHAND,Urban,70+,21543,12916,8627,4440,3287,1153
5,UTTARAKHAND,Urban,Age not stated,1659,997,662,166,100,66
6,HARYANA,Total,Total,4456790,2576417,1880373,1170571,681228,489343
6,HARYANA,Total,5-9,214884,118836,96048,17696,9971,7725
6,HARYANA,Total,10-14,476031,266392,209639,97509,54690,42819
6,HARYANA,Total,15-19,647958,365233,282725,195948,107958,87990
6,HARYANA,Total,20-24,647806,356854,290952,187590,101018,86572
6,HARYANA,Total,25-29,540898,301228,239670,148462,81924,66538
6,HARYANA,Total,30-49,1312949,781027,531922,340304,202216,138088
6,HARYANA,Total,50-69,508822,321206,187616,152180,100145,52035
6,HARYANA,Total,70+,102455,62903,39552,29431,22475,6956
6,HARYANA,Total,Age not stated,4987,2738,2249,1451,831,620
6,HARYANA,Rural,Total,2194575,1307460,887115,562967,344293,218674
6,HARYANA,Rural,5-9,125711,68968,56743,7186,4100,3086
6,HARYANA,Rural,10-14,284594,158641,125953,60140,33646,26494
6,HARYANA,Rural,15-19,368372,207946,160426,130066,72121,57945
6,HARYANA,Rural,20-24,338196,190429,147767,111679,61721,49958
6,HARYANA,Rural,25-29,258170,150597,107573,74716,44119,30597
6,HARYANA,Rural,30-49,576047,365664,210383,132932,90459,42473
6,HARYANA,Rural,50-69,198508,135808,62700,38681,31754,6927
6,HARYANA,Rural,70+,42349,27951,14398,6806,5926,880
6,HARYANA,Rural,Age not stated,2628,1456,1172,761,447,314
6,HARYANA,Urban,Total,2262215,1268957,993258,607604,336935,270669
6,HARYANA,Urban,5-9,89173,49868,39305,10510,5871,4639
6,HARYANA,Urban,10-14,191437,107751,83686,37369,21044,16325
6,HARYANA,Urban,15-19,279586,157287,122299,65882,35837,30045
6,HARYANA,Urban,20-24,309610,166425,143185,75911,39297,36614
6,HARYANA,Urban,25-29,282728,150631,132097,73746,37805,35941
6,HARYANA,Urban,30-49,736902,415363,321539,207372,111757,95615
6,HARYANA,Urban,50-69,310314,185398,124916,113499,68391,45108
6,HARYANA,Urban,70+,60106,34952,25154,22625,16549,6076
6,HARYANA,Urban,Age not stated,2359,1282,1077,690,384,306
7,DELHI,Total,Total,5458981,3050945,2408036,1358233,741513,616720
7,DELHI,Total,5-9,210252,113721,96531,28514,15191,13323
7,DELHI,Total,10-14,468752,255788,212964,86373,46106,40267
7,DELHI,Total,15-19,686700,375013,311687,136451,71782,64669
7,DELHI,Total,20-24,764978,413392,351586,159909,83191,76718
7,DELHI,Total,25-29,692798,372890,319908,156480,80505,75975
7,DELHI,Total,30-49,1796333,1026016,770317,469504,254280,215224
7,DELHI,Total,50-69,697726,415277,282449,259634,149394,110240
7,DELHI,Total,70+,136622,76148,60474,60443,40565,19878
7,DELHI,Total,Age not stated,4820,2700,2120,925,499,426
7,DELHI,Rural,Total,93239,56168,37071,5474,3336,2138
7,DELHI,Rural,5-9,2392,1354,1038,54,26,28
7,DELHI,Rural,10-14,7829,4376,3453,339,195,144
7,DELHI,Rural,15-19,14895,8270,6625,839,453,386
7,DELHI,Rural,20-24,16227,8897,7330,801,457,344
7,DELHI,Rural,25-29,13103,7332,5771,726,406,320
7,DELHI,Rural,30-49,29067,18694,10373,1856,1165,691
7,DELHI,Rural,50-69,8428,6302,2126,684,484,200
7,DELHI,Rural,70+,1193,887,306,171,148,23
7,DELHI,Rural,Age not stated,105,56,49,4,2,2
7,DELHI,Urban,Total,5365742,2994777,2370965,1352759,738177,614582
7,DELHI,Urban,5-9,207860,112367,95493,28460,15165,13295
7,DELHI,Urban,10-14,460923,251412,209511,86034,45911,40123
7,DELHI,Urban,15-19,671805,366743,305062,135612,71329,64283
7,DELHI,Urban,20-24,748751,404495,344256,159108,82734,76374
7,DELHI,Urban,25-29,679695,365558,314137,155754,80099,75655
7,DELHI,Urban,30-49,1767266,1007322,759944,467648,253115,214533
7,DELHI,Urban,50-69,689298,408975,280323,258950,148910,110040
7,DELHI,Urban,70+,135429,75261,60168,60272,40417,19855
7,DELHI,Urban,Age not stated,4715,2644,2071,921,497,424
8,RAJASTHAN,Total,Total,6466435,3747078,2719357,1006751,642842,363909
8,RAJASTHAN,Total,5-9,463417,247252,216165,15735,8683,7052
8,RAJASTHAN,Total,10-14,886240,480209,406031,103809,58369,45440
8,RAJASTHAN,Total,15-19,941572,526286,415286,210941,123366,87575
8,RAJASTHAN,Total,20-24,843795,487286,356509,176163,108655,67508
8,RAJASTHAN,Total,25-29,676633,397180,279453,121262,78232,43030
8,RAJASTHAN,Total,30-49,1785517,1077355,708162,270694,186443,84251
8,RAJASTHAN,Total,50-69,687412,425716,261696,87696,64186,23510
8,RAJASTHAN,Total,70+,149293,87190,62103,15322,11678,3644
8,RAJASTHAN,Total,Age not stated,32556,18604,13952,5129,3230,1899
8,RAJASTHAN,Rural,Total,3637519,2179192,1458327,609507,414618,194889
8,RAJASTHAN,Rural,5-9,320569,170875,149694,8525,4726,3799
8,RAJASTHAN,Rural,10-14,621711,338168,283543,76554,43641,32913
8,RAJASTHAN,Rural,15-19,585654,334783,250871,156426,94328,62098
8,RAJASTHAN,Rural,20-24,468061,287429,180632,116000,77047,38953
8,RAJASTHAN,Rural,25-29,350082,220732,129350,71287,51087,20200
8,RAJASTHAN,Rural,30-49,888282,573829,314453,139446,109890,29556
8,RAJASTHAN,Rural,50-69,309236,198878,110358,32456,27362,5094
8,RAJASTHAN,Rural,70+,70099,40758,29341,5151,4146,1005
8,RAJASTHAN,Rural,Age not stated,23825,13740,10085,3662,2391,1271
8,RAJASTHAN,Urban,Total,2828916,1567886,1261030,397244,228224,169020
8,RAJASTHAN,Urban,5-9,142848,76377,66471,7210,3957,3253
8,RAJASTHAN,Urban,10-14,264529,142041,122488,27255,14728,12527
8,RAJASTHAN,Urban,15-19,355918,191503,164415,54515,29038,25477
8,RAJASTHAN,Urban,20-24,375734,199857,175877,60163,31608,28555
8,RAJASTHAN,Urban,25-29,326551,176448,150103,49975,27145,22830
8,RAJASTHAN,Urban,30-49,897235,503526,393709,131248,76553,54695
8,RAJASTHAN,Urban,50-69,378176,226838,151338,55240,36824,18416
8,RAJASTHAN,Urban,70+,79194,46432,32762,10171,7532,2639
8,RAJASTHAN,Urban,Age not stated,8731,4864,3867,1467,839,628
9,UTTAR PRADESH,Total,Total,20287945,11762916,8525029,2585664,1546993,1038671
9,UTTAR PRADESH,Total,5-9,1102189,578186,524003,60460,31151,29309
9,UTTAR PRADESH,Total,10-14,2391646,1260189,1131457,269061,138833,130228
9,UTTAR PRADESH,Total,15-19,3386389,1809282,1577107,506007,263405,242602
9,UTTAR PRADESH,Total,20-24,2941288,1674198,1267090,429516,243722,185794
9,UTTAR PRADESH,Total,25-29,2121501,1213938,907563,287802,169276,118526
9,UTTAR PRADESH,Total,30-49,5478025,3338128,2139897,678745,441130,237615
9,UTTAR PRADESH,Total,50-69,2223801,1478557,745244,277046,203414,73632
9,UTTAR PRADESH,Total,70+,462417,307208,155209,57610,44471,13139
9,UTTAR PRADESH,Total,Age not stated,180689,103230,77459,19417,11591,7826
9,UTTAR PRADESH,Rural,Total,9650049,5827004,3823045,1267848,814164,453684
9,UTTAR PRADESH,Rural,5-9,557596,291914,265682,26852,14020,12832
9,UTTAR PRADESH,Rural,10-14,1306593,689608,616985,159168,83682,75486
9,UTTAR PRADESH,Rural,15-19,1870699,1017213,853486,294526,159596,134930
9,UTTAR PRADESH,Rural,20-24,1443265,866571,576694,217320,133254,84066
9,UTTAR PRADESH,Rural,25-29,952927,586476,366451,133506,87529,45977
9,UTTAR PRADESH,Rural,30-49,2351186,1551366,799820,298146,220876,77270
9,UTTAR PRADESH,Rural,50-69,898406,642259,256147,108175,91502,16673
9,UTTAR PRADESH,Rural,70+,199882,139573,60309,21679,18233,3446
9,UTTAR PRADESH,Rural,Age not stated,69495,42024,27471,8476,5472,3004
9,UTTAR PRADESH,Urban,Total,10637896,5935912,4701984,1317816,732829,584987
9,UTTAR PRADESH,Urban,5-9,544593,286272,258321,33608,17131,16477
9,UTTAR PRADESH,Urban,10-14,1085053,570581,514472,109893,55151,54742
9,UTTAR PRADESH,Urban,15-19,1515690,792069,723621,211481,103809,107672
9,UTTAR PRADESH,Urban,20-24,1498023,807627,690396,212196,110468,101728
9,UTTAR PRADESH,Urban,25-29,1168574,627462,541112,154296,81747,72549
9,UTTAR PRADESH,Urban,30-49,3126839,1786762,1340077,380599,220254,160345
9,UTTAR PRADESH,Urban,50-69,1325395,836298,489097,168871,111912,56959
9,UTTAR PRADESH,Urban,70+,262535,167635,94900,35931,26238,9693
9,UTTAR PRADESH,Urban,Age not stated,111194,61206,49988,10941,6119,4822
10,BIHAR,Total,Total,15079213,8415020,6664193,1682572,1028475,654097
10,BIHAR,Total,5-9,1711737,888699,823038,93094,48296,44798
10,BIHAR,Total,10-14,2587182,1371939,1215243,261823,137806,124017
10,BIHAR,Total,15-19,1833895,1045665,788230,276454,156516,119938
10,BIHAR,Total,20-24,1510386,847010,663376,219430,132395,87035
10,BIHAR,Total,25-29,1367786,751857,615929,173385,105971,67414
10,BIHAR,Total,30-49,3946194,2246932,1699262,451722,296247,155475
10,BIHAR,Total,50-69,1725675,1020385,705290,171077,124939,46138
10,BIHAR,Total,70+,347705,214983,132722,30580,23246,7334
10,BIHAR,Total,Age not stated,48653,27550,21103,5007,3059,1948
10,BIHAR,Rural,Total,12667581,7080819,5586762,1262676,785074,477602
10,BIHAR,Rural,5-9,1519399,788303,731096,75186,39114,36072
10,BIHAR,Rural,10-14,2270843,1206670,1064173,213171,113165,100006
10,BIHAR,Rural,15-19,1519613,876964,642649,211907,123240,88667
10,BIHAR,Rural,20-24,1232502,694432,538070,161918,100689,61229
10,BIHAR,Rural,25-29,1128733,622630,506103,127446,80188,47258
10,BIHAR,Rural,30-49,3249326,1856711,1392615,328222,220926,107296
10,BIHAR,Rural,50-69,1421253,836010,585243,119665,88939,30726
10,BIHAR,Rural,70+,288426,177893,110533,21787,16699,5088
10,BIHAR,Rural,Age not stated,37486,21206,16280,3374,2114,1260
10,BIHAR,Urban,Total,2411632,1334201,1077431,419896,243401,176495
10,BIHAR,Urban,5-9,192338,100396,91942,17908,9182,8726
10,BIHAR,Urban,10-14,316339,165269,151070,48652,24641,24011
10,BIHAR,Urban,15-19,314282,168701,145581,64547,33276,31271
10,BIHAR,Urban,20-24,277884,152578,125306,57512,31706,25806
10,BIHAR,Urban,25-29,239053,129227,109826,45939,25783,20156
10,BIHAR,Urban,30-49,696868,390221,306647,123500,75321,48179
10,BIHAR,Urban,50-69,304422,184375,120047,51412,36000,15412
10,BIHAR,Urban,70+,59279,37090,22189,8793,6547,2246
10,BIHAR,Urban,Age not stated,11167,6344,4823,1633,945,688
11,SIKKIM,Total,Total,207597,113913,93684,181402,99427,81975
11,SIKKIM,Total,5-9,15602,7861,7741,5788,2873,2915
11,SIKKIM,Total,10-14,24687,12509,12178,21665,10613,11052
11,SIKKIM,Total,15-19,22676,11831,10845,30656,14858,15798
11,SIKKIM,Total,20-24,24802,13458,11344,28271,14295,13976
11,SIKKIM,Total,25-29,24645,13831,10814,25399,13451,11948
11,SIKKIM,Total,30-49,63217,35697,27520,53862,32317,21545
11,SIKKIM,Total,50-69,25305,14747,10558,13550,9489,4061
11,SIKKIM,Total,70+,6226,3746,2480,1933,1373,560
11,SIKKIM,Total,Age not stated,437,233,204,278,158,120
11,SIKKIM,Rural,Total,156054,86517,69537,118176,65545,52631
11,SIKKIM,Rural,5-9,11849,5946,5903,3536,1716,1820
11,SIKKIM,Rural,10-14,19335,9828,9507,15422,7527,7895
11,SIKKIM,Rural,15-19,17429,9180,8249,22145,10722,11423
11,SIKKIM,Rural,20-24,18741,10226,8515,19388,9994,9394
11,SIKKIM,Rural,25-29,18234,10429,7805,16540,8915,7625
11,SIKKIM,Rural,30-49,45716,26183,19533,32330,20126,12204
11,SIKKIM,Rural,50-69,19357,11411,7946,7438,5550,1888
11,SIKKIM,Rural,70+,5007,3107,1900,1175,882,293
11,SIKKIM,Rural,Age not stated,386,207,179,202,113,89
11,SIKKIM,Urban,Total,51543,27396,24147,63226,33882,29344
11,SIKKIM,Urban,5-9,3753,1915,1838,2252,1157,1095
11,SIKKIM,Urban,10-14,5352,2681,2671,6243,3086,3157
11,SIKKIM,Urban,15-19,5247,2651,2596,8511,4136,4375
11,SIKKIM,Urban,20-24,6061,3232,2829,8883,4301,4582
11,SIKKIM,Urban,25-29,6411,3402,3009,8859,4536,4323
11,SIKKIM,Urban,30-49,17501,9514,7987,21532,12191,9341
11,SIKKIM,Urban,50-69,5948,3336,2612,6112,3939,2173
11,SIKKIM,Urban,70+,1219,639,580,758,491,267
11,SIKKIM,Urban,Age not stated,51,26,25,76,45,31
12,ARUNACHAL PRADESH,Total,Total,467394,241747,225647,418551,236666,181885
12,ARUNACHAL PRADESH,Total,5-9,56806,28793,28013,22366,11463,10903
12,ARUNACHAL PRADESH,Total,10-14,75106,37731,37375,64679,32966,31713
12,ARUNACHAL PRADESH,Total,15-19,55872,28042,27830,74224,37805,36419
12,ARUNACHAL PRADESH,Total,20-24,49050,24324,24726,58807,30484,28323
12,ARUNACHAL PRADESH,Total,25-29,48192,24309,23883,51105,28120,22985
12,ARUNACHAL PRADESH,Total,30-49,132626,69253,63373,118602,74319,44283
12,ARUNACHAL PRADESH,Total,50-69,41568,24547,17021,25303,19155,6148
12,ARUNACHAL PRADESH,Total,70+,7707,4488,3219,3059,2096,963
12,ARUNACHAL PRADESH,Total,Age not stated,467,260,207,406,258,148
12,ARUNACHAL PRADESH,Rural,Total,366150,188857,177293,292514,168050,124464
12,ARUNACHAL PRADESH,Rural,5-9,44065,22557,21508,16869,8656,8213
12,ARUNACHAL PRADESH,Rural,10-14,59861,30239,29622,48341,24832,23509
12,ARUNACHAL PRADESH,Rural,15-19,43796,22161,21635,52775,27283,25492
12,ARUNACHAL PRADESH,Rural,20-24,38362,18946,19416,41512,22060,19452
12,ARUNACHAL PRADESH,Rural,25-29,36993,18346,18647,35442,20055,15387
12,ARUNACHAL PRADESH,Rural,30-49,101470,52245,49225,77680,50186,27494
12,ARUNACHAL PRADESH,Rural,50-69,34505,20173,14332,17224,13123,4101
12,ARUNACHAL PRADESH,Rural,70+,6737,4000,2737,2339,1644,695
12,ARUNACHAL PRADESH,Rural,Age not stated,361,190,171,332,211,121
12,ARUNACHAL PRADESH,Urban,Total,101244,52890,48354,126037,68616,57421
12,ARUNACHAL PRADESH,Urban,5-9,12741,6236,6505,5497,2807,2690
12,ARUNACHAL PRADESH,Urban,10-14,15245,7492,7753,16338,8134,8204
12,ARUNACHAL PRADESH,Urban,15-19,12076,5881,6195,21449,10522,10927
12,ARUNACHAL PRADESH,Urban,20-24,10688,5378,5310,17295,8424,8871
12,ARUNACHAL PRADESH,Urban,25-29,11199,5963,5236,15663,8065,7598
12,ARUNACHAL PRADESH,Urban,30-49,31156,17008,14148,40922,24133,16789
12,ARUNACHAL PRADESH,Urban,50-69,7063,4374,2689,8079,6032,2047
12,ARUNACHAL PRADESH,Urban,70+,970,488,482,720,452,268
12,ARUNACHAL PRADESH,Urban,Age not stated,106,70,36,74,47,27
13,NAGALAND,Total,Total,692242,355306,336936,537481,306593,230888
13,NAGALAND,Total,5-9,56374,29099,27275,20184,10355,9829
13,NAGALAND,Total,10-14,102006,53050,48956,65276,33711,31565
13,NAGALAND,Total,15-19,95074,48626,46448,88924,46015,42909
13,NAGALAND,Total,20-24,83881,41878,42003,82440,43183,39257
13,NAGALAND,Total,25-29,74134,36238,37896,69024,37805,31219
13,NAGALAND,Total,30-49,202491,101345,101146,161767,98784,62983
13,NAGALAND,Total,50-69,65393,36979,28414,43182,31552,11630
13,NAGALAND,Total,70+,12484,7868,4616,6433,5020,1413
13,NAGALAND,Total,Age not stated,405,223,182,251,168,83
13,NAGALAND,Rural,Total,499358,257829,241529,306186,179418,126768
13,NAGALAND,Rural,5-9,36703,19004,17699,9810,5059,4751
13,NAGALAND,Rural,10-14,74292,38808,35484,37196,19489,17707
13,NAGALAND,Rural,15-19,70358,36145,34213,53524,27846,25678
13,NAGALAND,Rural,20-24,60673,30219,30454,48396,25998,22398
13,NAGALAND,Rural,25-29,52514,25400,27114,38687,21735,16952
13,NAGALAND,Rural,30-49,146786,73744,73042,89941,57196,32745
13,NAGALAND,Rural,50-69,48195,27985,20210,24462,18697,5765
13,NAGALAND,Rural,70+,9480,6327,3153,3977,3273,704
13,NAGALAND,Rural,Age not stated,357,197,160,193,125,68
13,NAGALAND,Urban,Total,192884,97477,95407,231295,127175,104120
13,NAGALAND,Urban,5-9,19671,10095,9576,10374,5296,5078
13,NAGALAND,Urban,10-14,27714,14242,13472,28080,14222,13858
13,NAGALAND,Urban,15-19,24716,12481,12235,35400,18169,17231
13,NAGALAND,Urban,20-24,23208,11659,11549,34044,17185,16859
13,NAGALAND,Urban,25-29,21620,10838,10782,30337,16070,14267
13,NAGALAND,Urban,30-49,55705,27601,28104,71826,41588,30238
13,NAGALAND,Urban,50-69,17198,8994,8204,18720,12855,5865
13,NAGALAND,Urban,70+,3004,1541,1463,2456,1747,709
13,NAGALAND,Urban,Age not stated,48,26,22,58,43,15
14,MANIPUR,Total,Total,771802,404042,367760,616818,356245,260573
14,MANIPUR,Total,5-9,42390,21781,20609,11849,6071,5778
14,MANIPUR,Total,10-14,95702,49204,46498,47531,24548,22983
14,MANIPUR,Total,15-19,100065,50820,49245,80381,41749,38632
14,MANIPUR,Total,20-24,93518,46739,46779,88711,47320,41391
14,MANIPUR,Total,25-29,89139,45007,44132,85642,46763,38879
14,MANIPUR,Total,30-49,238441,124836,113605,216676,129446,87230
14,MANIPUR,Total,50-69,92737,53529,39208,73935,51361,22574
14,MANIPUR,Total,70+,17755,11022,6733,10773,8203,2570
14,MANIPUR,Total,Age not stated,2055,1104,951,1320,784,536
14,MANIPUR,Rural,Total,581795,305155,276640,376083,221927,154156
14,MANIPUR,Rural,5-9,32620,16880,15740,8226,4231,3995
14,MANIPUR,Rural,10-14,73102,37793,35309,31728,16608,15120
14,MANIPUR,Rural,15-19,77513,39456,38057,54360,28570,25790
14,MANIPUR,Rural,20-24,72106,36186,35920,57729,31461,26268
14,MANIPUR,Rural,25-29,66617,33667,32950,52538,29645,22893
14,MANIPUR,Rural,30-49,175970,92365,83605,125568,78193,47375
14,MANIPUR,Rural,50-69,68996,39791,29205,39247,28373,10874
14,MANIPUR,Rural,70+,13409,8210,5199,5825,4329,1496
14,MANIPUR,Rural,Age not stated,1462,807,655,862,517,345
14,MANIPUR,Urban,Total,190007,98887,91120,240735,134318,106417
14,MANIPUR,Urban,5-9,9770,4901,4869,3623,1840,1783
14,MANIPUR,Urban,10-14,22600,11411,11189,15803,7940,7863
14,MANIPUR,Urban,15-19,22552,11364,11188,26021,13179,12842
14,MANIPUR,Urban,20-24,21412,10553,10859,30982,15859,15123
14,MANIPUR,Urban,25-29,22522,11340,11182,33104,17118,15986
14,MANIPUR,Urban,30-49,62471,32471,30000,91108,51253,39855
14,MANIPUR,Urban,50-69,23741,13738,10003,34688,22988,11700
14,MANIPUR,Urban,70+,4346,2812,1534,4948,3874,1074
14,MANIPUR,Urban,Age not stated,593,297,296,458,267,191
15,MIZORAM,Total,Total,256737,139450,117287,52966,34714,18252
15,MIZORAM,Total,5-9,11485,5930,5555,657,341,316
15,MIZORAM,Total,10-14,25435,12848,12587,3011,1661,1350
15,MIZORAM,Total,15-19,37931,19036,18895,5621,3150,2471
15,MIZORAM,Total,20-24,38313,19570,18743,7462,4311,3151
15,MIZORAM,Total,25-29,32992,17276,15716,7405,4536,2869
15,MIZORAM,Total,30-49,80031,45083,34948,20192,13955,6237
15,MIZORAM,Total,50-69,25763,16516,9247,7344,5719,1625
15,MIZORAM,Total,70+,4657,3090,1567,1247,1027,220
15,MIZORAM,Total,Age not stated,130,101,29,27,14,13
15,MIZORAM,Rural,Total,105092,59030,46062,18117,12714,5403
15,MIZORAM,Rural,5-9,6977,3611,3366,271,145,126
15,MIZORAM,Rural,10-14,12615,6479,6136,1589,914,675
15,MIZORAM,Rural,15-19,13918,7252,6666,2485,1584,901
15,MIZORAM,Rural,20-24,14203,7459,6744,2862,1807,1055
15,MIZORAM,Rural,25-29,12769,7014,5755,2568,1740,828
15,MIZORAM,Rural,30-49,31040,18492,12548,5985,4545,1440
15,MIZORAM,Rural,50-69,11394,7340,4054,2039,1718,321
15,MIZORAM,Rural,70+,2131,1352,779,306,254,52
15,MIZORAM,Rural,Age not stated,45,31,14,12,7,5
15,MIZORAM,Urban,Total,151645,80420,71225,34849,22000,12849
15,MIZORAM,Urban,5-9,4508,2319,2189,386,196,190
15,MIZORAM,Urban,10-14,12820,6369,6451,1422,747,675
15,MIZORAM,Urban,15-19,24013,11784,12229,3136,1566,1570
15,MIZORAM,Urban,20-24,24110,12111,11999,4600,2504,2096
15,MIZORAM,Urban,25-29,20223,10262,9961,4837,2796,2041
15,MIZORAM,Urban,30-49,48991,26591,22400,14207,9410,4797
15,MIZORAM,Urban,50-69,14369,9176,5193,5305,4001,1304
15,MIZORAM,Urban,70+,2526,1738,788,941,773,168
15,MIZORAM,Urban,Age not stated,85,70,15,15,7,8
16,TRIPURA,Total,Total,1070024,584356,485668,198577,129143,69434
16,TRIPURA,Total,5-9,62445,32029,30416,3569,1875,1694
16,TRIPURA,Total,10-14,120299,62014,58285,12806,6717,6089
16,TRIPURA,Total,15-19,130297,66389,63908,24110,13453,10657
16,TRIPURA,Total,20-24,133448,67594,65854,30643,18236,12407
16,TRIPURA,Total,25-29,121764,65590,56174,27299,17653,9646
16,TRIPURA,Total,30-49,337269,191339,145930,71145,49234,21911
16,TRIPURA,Total,50-69,133506,80442,53064,25825,19441,6384
16,TRIPURA,Total,70+,30658,18767,11891,3117,2494,623
16,TRIPURA,Total,Age not stated,338,192,146,63,40,23
16,TRIPURA,Rural,Total,887268,478980,408288,111473,75094,36379
16,TRIPURA,Rural,5-9,57078,29277,27801,2302,1216,1086
16,TRIPURA,Rural,10-14,108650,56126,52524,8623,4554,4069
16,TRIPURA,Rural,15-19,111680,56735,54945,15930,9095,6835
16,TRIPURA,Rural,20-24,111813,55997,55816,19325,12084,7241
16,TRIPURA,Rural,25-29,100439,53528,46911,16702,11506,5196
16,TRIPURA,Rural,30-49,266919,149769,117150,37446,27838,9608
16,TRIPURA,Rural,50-69,103987,61426,42561,9615,7602,2013
16,TRIPURA,Rural,70+,26431,15969,10462,1494,1173,321
16,TRIPURA,Rural,Age not stated,271,153,118,36,26,10
16,TRIPURA,Urban,Total,182756,105376,77380,87104,54049,33055
16,TRIPURA,Urban,5-9,5367,2752,2615,1267,659,608
16,TRIPURA,Urban,10-14,11649,5888,5761,4183,2163,2020
16,TRIPURA,Urban,15-19,18617,9654,8963,8180,4358,3822
16,TRIPURA,Urban,20-24,21635,11597,10038,11318,6152,5166
16,TRIPURA,Urban,25-29,21325,12062,9263,10597,6147,4450
16,TRIPURA,Urban,30-49,70350,41570,28780,33699,21396,12303
16,TRIPURA,Urban,50-69,29519,19016,10503,16210,11839,4371
16,TRIPURA,Urban,70+,4227,2798,1429,1623,1321,302
16,TRIPURA,Urban,Age not stated,67,39,28,27,14,13
17,MEGHALAYA,Total,Total,547389,280331,267058,274931,160749,114182
17,MEGHALAYA,Total,5-9,29721,14733,14988,5929,3000,2929
17,MEGHALAYA,Total,10-14,68975,33621,35354,22372,11248,11124
17,MEGHALAYA,Total,15-19,85926,41391,44535,38320,19928,18392
17,MEGHALAYA,Total,20-24,76843,37410,39433,40613,21901,18712
17,MEGHALAYA,Total,25-29,65054,33320,31734,37290,21395,15895
17,MEGHALAYA,Total,30-49,157901,84765,73136,94069,58689,35380
17,MEGHALAYA,Total,50-69,51633,28986,22647,31023,21024,9999
17,MEGHALAYA,Total,70+,10220,5367,4853,4856,3199,1657
17,MEGHALAYA,Total,Age not stated,1116,738,378,459,365,94
17,MEGHALAYA,Rural,Total,350395,184976,165419,123303,78030,45273
17,MEGHALAYA,Rural,5-9,19035,9451,9584,2240,1128,1112
17,MEGHALAYA,Rural,10-14,45062,21815,23247,9397,4810,4587
17,MEGHALAYA,Rural,15-19,55502,26738,28764,17552,9462,8090
17,MEGHALAYA,Rural,20-24,48640,23574,25066,18665,10605,8060
17,MEGHALAYA,Rural,25-29,41644,21858,19786,17408,10869,6539
17,MEGHALAYA,Rural,30-49,100313,56946,43367,42598,29447,13151
17,MEGHALAYA,Rural,50-69,33065,20364,12701,13180,10008,3172
17,MEGHALAYA,Rural,70+,6409,3809,2600,2083,1573,510
17,MEGHALAYA,Rural,Age not stated,725,421,304,180,128,52
17,MEGHALAYA,Urban,Total,196994,95355,101639,151628,82719,68909
17,MEGHALAYA,Urban,5-9,10686,5282,5404,3689,1872,1817
17,MEGHALAYA,Urban,10-14,23913,11806,12107,12975,6438,6537
17,MEGHALAYA,Urban,15-19,30424,14653,15771,20768,10466,10302
17,MEGHALAYA,Urban,20-24,28203,13836,14367,21948,11296,10652
17,MEGHALAYA,Urban,25-29,23410,11462,11948,19882,10526,9356
17,MEGHALAYA,Urban,30-49,57588,27819,29769,51471,29242,22229
17,MEGHALAYA,Urban,50-69,18568,8622,9946,17843,11016,6827
17,MEGHALAYA,Urban,70+,3811,1558,2253,2773,1626,1147
17,MEGHALAYA,Urban,Age not stated,391,317,74,279,237,42
18,ASSAM,Total,Total,10108094,5343117,4764977,4352497,2636287,1716210
18,ASSAM,Total,5-9,857773,435079,422694,75685,39158,36527
18,ASSAM,Total,10-14,1363349,699125,664224,346634,177427,169207
18,ASSAM,Total,15-19,1190438,627942,562496,588953,315028,273925
18,ASSAM,Total,20-24,1116779,547813,568966,612884,336045,276839
18,ASSAM,Total,25-29,1099180,560424,538756,565338,327137,238201
18,ASSAM,Total,30-49,3040907,1650377,1390530,1546934,991577,555357
18,ASSAM,Total,50-69,1172486,670266,502220,529591,385030,144561
18,ASSAM,Total,70+,262178,149510,112668,84215,63499,20716
18,ASSAM,Total,Age not stated,5004,2581,2423,2263,1386,877
18,ASSAM,Rural,Total,8812485,4670814,4141671,2969373,1835672,1133701
18,ASSAM,Rural,5-9,780948,395541,385407,49958,25892,24066
18,ASSAM,Rural,10-14,1229446,630074,599372,260043,132928,127115
18,ASSAM,Rural,15-19,1055231,558160,497071,446282,240932,205350
18,ASSAM,Rural,20-24,976651,478753,497898,443510,247888,195622
18,ASSAM,Rural,25-29,956924,489540,467384,400651,239935,160716
18,ASSAM,Rural,30-49,2588019,1414227,1173792,1010932,676345,334587
18,ASSAM,Rural,50-69,995234,572071,423163,306874,232150,74724
18,ASSAM,Rural,70+,226125,130449,95676,49848,38798,11050
18,ASSAM,Rural,Age not stated,3907,1999,1908,1275,804,471
18,ASSAM,Urban,Total,1295609,672303,623306,1383124,800615,582509
18,ASSAM,Urban,5-9,76825,39538,37287,25727,13266,12461
18,ASSAM,Urban,10-14,133903,69051,64852,86591,44499,42092
18,ASSAM,Urban,15-19,135207,69782,65425,142671,74096,68575
18,ASSAM,Urban,20-24,140128,69060,71068,169374,88157,81217
18,ASSAM,Urban,25-29,142256,70884,71372,164687,87202,77485
18,ASSAM,Urban,30-49,452888,236150,216738,536002,315232,220770
18,ASSAM,Urban,50-69,177252,98195,79057,222717,152880,69837
18,ASSAM,Urban,70+,36053,19061,16992,34367,24701,9666
18,ASSAM,Urban,Age not stated,1097,582,515,988,582,406
19,WEST BENGAL,Total,Total,12144843,6992983,5151860,2881005,1789355,1091650
19,WEST BENGAL,Total,5-9,542011,279040,262971,41967,22141,19826
19,WEST BENGAL,Total,10-14,1061955,546845,515110,145092,75918,69174
19,WEST BENGAL,Total,15-19,1448086,776437,671649,293144,157638,135506
19,WEST BENGAL,Total,20-24,1501859,830857,671002,376243,212153,164090
19,WEST BENGAL,Total,25-29,1352756,767001,585755,350511,204325,146186
19,WEST BENGAL,Total,30-49,4029688,2390414,1639274,1019941,644335,375606
19,WEST BENGAL,Total,50-69,1838162,1164849,673313,546289,390693,155596
19,WEST BENGAL,Total,70+,355661,229210,126451,103379,79483,23896
19,WEST BENGAL,Total,Age not stated,14665,8330,6335,4439,2669,1770
19,WEST BENGAL,Rural,Total,6304512,3650345,2654167,664075,447876,216199
19,WEST BENGAL,Rural,5-9,341706,174307,167399,10233,5387,4846
19,WEST BENGAL,Rural,10-14,651166,333025,318141,40828,21442,19386
19,WEST BENGAL,Rural,15-19,858848,464959,393889,92931,52239,40692
19,WEST BENGAL,Rural,20-24,837251,475201,362050,108018,67409,40609
19,WEST BENGAL,Rural,25-29,712638,419549,293089,91363,61023,30340
19,WEST BENGAL,Rural,30-49,1945646,1180959,764687,220287,158947,61340
19,WEST BENGAL,Rural,50-69,810332,512615,297717,87011,70302,16709
19,WEST BENGAL,Rural,70+,142354,86963,55391,12856,10717,2139
19,WEST BENGAL,Rural,Age not stated,4571,2767,1804,548,410,138
19,WEST BENGAL,Urban,Total,5840331,3342638,2497693,2216930,1341479,875451
19,WEST BENGAL,Urban,5-9,200305,104733,95572,31734,16754,14980
19,WEST BENGAL,Urban,10-14,410789,213820,196969,104264,54476,49788
19,WEST BENGAL,Urban,15-19,589238,311478,277760,200213,105399,94814
19,WEST BENGAL,Urban,20-24,664608,355656,308952,268225,144744,123481
19,WEST BENGAL,Urban,25-29,640118,347452,292666,259148,143302,115846
19,WEST BENGAL,Urban,30-49,2084042,1209455,874587,799654,485388,314266
19,WEST BENGAL,Urban,50-69,1027830,652234,375596,459278,320391,138887
19,WEST BENGAL,Urban,70+,213307,142247,71060,90523,68766,21757
19,WEST BENGAL,Urban,Age not stated,10094,5563,4531,3891,2259,1632
20,JHARKHAND,Total,Total,8407681,4508254,3899427,1593039,965960,627079
20,JHARKHAND,Total,5-9,783624,401095,382529,58868,30590,28278
20,JHARKHAND,Total,10-14,1281587,660076,621511,181061,95075,85986
20,JHARKHAND,Total,15-19,1036533,555312,481221,232434,129094,103340
20,JHARKHAND,Total,20-24,891681,468239,423442,208538,119424,89114
20,JHARKHAND,Total,25-29,815299,437656,377643,178471,106673,71798
20,JHARKHAND,Total,30-49,2328150,1281715,1046435,489116,314067,175049
20,JHARKHAND,Total,50-69,1052291,583828,468463,206441,144229,62212
20,JHARKHAND,Total,70+,185559,102537,83022,31790,23079,8711
20,JHARKHAND,Total,Age not stated,32957,17796,15161,6320,3729,2591
20,JHARKHAND,Rural,Total,6056149,3251399,2804750,932202,587017,345185
20,JHARKHAND,Rural,5-9,608605,309679,298926,38742,20096,18646
20,JHARKHAND,Rural,10-14,999730,514387,485343,124475,65882,58593
20,JHARKHAND,Rural,15-19,741093,400149,340944,144481,83467,61014
20,JHARKHAND,Rural,20-24,614347,323867,290480,120823,73484,47339
20,JHARKHAND,Rural,25-29,565607,306435,259172,102953,65607,37346
20,JHARKHAND,Rural,30-49,1626548,901664,724884,276324,189039,87285
20,JHARKHAND,Rural,50-69,752026,413600,338426,106345,76537,29808
20,JHARKHAND,Rural,70+,131813,72884,58929,15876,11567,4309
20,JHARKHAND,Rural,Age not stated,16380,8734,7646,2183,1338,845
20,JHARKHAND,Urban,Total,2351532,1256855,1094677,660837,378943,281894
20,JHARKHAND,Urban,5-9,175019,91416,83603,20126,10494,9632
20,JHARKHAND,Urban,10-14,281857,145689,136168,56586,29193,27393
20,JHARKHAND,Urban,15-19,295440,155163,140277,87953,45627,42326
20,JHARKHAND,Urban,20-24,277334,144372,132962,87715,45940,41775
20,JHARKHAND,Urban,25-29,249692,131221,118471,75518,41066,34452
20,JHARKHAND,Urban,30-49,701602,380051,321551,212792,125028,87764
20,JHARKHAND,Urban,50-69,300265,170228,130037,100096,67692,32404
20,JHARKHAND,Urban,70+,53746,29653,24093,15914,11512,4402
20,JHARKHAND,Urban,Age not stated,16577,9062,7515,4137,2391,1746
21,ODISHA,Total,Total,8299746,4506387,3793359,5525278,3359211,2166067
21,ODISHA,Total,5-9,577215,292667,284548,81653,43370,38283
21,ODISHA,Total,10-14,1116319,568897,547422,461448,235999,225449
21,ODISHA,Total,15-19,1027699,531376,496323,875749,465428,410321
21,ODISHA,Total,20-24,978082,507528,470554,833322,466127,367195
21,ODISHA,Total,25-29,902707,483814,418893,738696,429848,308848
21,ODISHA,Total,30-49,2473756,1400171,1073585,1861793,1209395,652398
21,ODISHA,Total,50-69,1012434,599147,413287,577569,437944,139625
21,ODISHA,Total,70+,187823,109935,77888,79868,61957,17911
21,ODISHA,Total,Age not stated,23711,12852,10859,15180,9143,6037
21,ODISHA,Rural,Total,6670328,3637510,3032818,3361065,2102935,1258130
21,ODISHA,Rural,5-9,481394,242704,238690,37945,19883,18062
21,ODISHA,Rural,10-14,935161,475668,459493,303209,154752,148457
21,ODISHA,Rural,15-19,842914,433391,409523,588041,315335,272706
21,ODISHA,Rural,20-24,785941,408549,377392,538229,309529,228700
21,ODISHA,Rural,25-29,725770,392772,332998,475817,289177,186640
21,ODISHA,Rural,30-49,1936574,1111068,825506,1076004,742577,333427
21,ODISHA,Rural,50-69,798481,477372,321109,294815,235465,59350
21,ODISHA,Rural,70+,146519,86457,60062,39011,31217,7794
21,ODISHA,Rural,Age not stated,17574,9529,8045,7994,5000,2994
21,ODISHA,Urban,Total,1629418,868877,760541,2164213,1256276,907937
21,ODISHA,Urban,5-9,95821,49963,45858,43708,23487,20221
21,ODISHA,Urban,10-14,181158,93229,87929,158239,81247,76992
21,ODISHA,Urban,15-19,184785,97985,86800,287708,150093,137615
21,ODISHA,Urban,20-24,192141,98979,93162,295093,156598,138495
21,ODISHA,Urban,25-29,176937,91042,85895,262879,140671,122208
21,ODISHA,Urban,30-49,537182,289103,248079,785789,466818,318971
21,ODISHA,Urban,50-69,213953,121775,92178,282754,202479,80275
21,ODISHA,Urban,70+,41304,23478,17826,40857,30740,10117
21,ODISHA,Urban,Age not stated,6137,3323,2814,7186,4143,3043
22,CHHATTISGARH,Total,Total,2961654,1575471,1386183,422569,245150,177419
22,CHHATTISGARH,Total,5-9,257079,133958,123121,14730,7646,7084
22,CHHATTISGARH,Total,10-14,395908,205155,190753,40262,21566,18696
22,CHHATTISGARH,Total,15-19,353697,183278,170419,51939,27497,24442
22,CHHATTISGARH,Total,20-24,335938,172433,163505,54010,28968,25042
22,CHHATTISGARH,Total,25-29,293630,157326,136304,47238,26659,20579
22,CHHATTISGARH,Total,30-49,878012,479502,398510,145345,87057,58288
22,CHHATTISGARH,Total,50-69,371356,203711,167645,58416,38300,20116
22,CHHATTISGARH,Total,70+,73325,38618,34707,10288,7255,3033
22,CHHATTISGARH,Total,Age not stated,2709,1490,1219,341,202,139
22,CHHATTISGARH,Rural,Total,1897368,1020433,876935,197443,119521,77922
22,CHHATTISGARH,Rural,5-9,188694,97745,90949,9533,4941,4592
22,CHHATTISGARH,Rural,10-14,290842,150015,140827,24650,13421,11229
22,CHHATTISGARH,Rural,15-19,238374,123590,114784,29537,16017,13520
22,CHHATTISGARH,Rural,20-24,212775,110298,102477,27865,15912,11953
22,CHHATTISGARH,Rural,25-29,180695,99758,80937,23052,14354,8698
22,CHHATTISGARH,Rural,30-49,523589,293217,230372,60683,39885,20798
22,CHHATTISGARH,Rural,50-69,219520,122561,96959,19354,13169,6185
22,CHHATTISGARH,Rural,70+,41737,22633,19104,2650,1743,907
22,CHHATTISGARH,Rural,Age not stated,1142,616,526,119,79,40
22,CHHATTISGARH,Urban,Total,1064286,555038,509248,225126,125629,99497
22,CHHATTISGARH,Urban,5-9,68385,36213,32172,5197,2705,2492
22,CHHATTISGARH,Urban,10-14,105066,55140,49926,15612,8145,7467
22,CHHATTISGARH,Urban,15-19,115323,59688,55635,22402,11480,10922
22,CHHATTISGARH,Urban,20-24,123163,62135,61028,26145,13056,13089
22,CHHATTISGARH,Urban,25-29,112935,57568,55367,24186,12305,11881
22,CHHATTISGARH,Urban,30-49,354423,186285,168138,84662,47172,37490
22,CHHATTISGARH,Urban,50-69,151836,81150,70686,39062,25131,13931
22,CHHATTISGARH,Urban,70+,31588,15985,15603,7638,5512,2126
22,CHHATTISGARH,Urban,Age not stated,1567,874,693,222,123,99
23,MADHYA PRADESH,Total,Total,8550729,4716569,3834160,1257953,758130,499823
23,MADHYA PRADESH,Total,5-9,632335,323539,308796,19694,10244,9450
23,MADHYA PRADESH,Total,10-14,1104626,571166,533460,120698,63117,57581
23,MADHYA PRADESH,Total,15-19,1146772,611018,535754,220669,121090,99579
23,MADHYA PRADESH,Total,20-24,1077776,591195,486581,189794,110897,78897
23,MADHYA PRADESH,Total,25-29,864317,478798,385519,141123,84050,57073
23,MADHYA PRADESH,Total,30-49,2464992,1406311,1058681,377928,239192,138736
23,MADHYA PRADESH,Total,50-69,1028503,605737,422766,155971,106786,49185
23,MADHYA PRADESH,Total,70+,221341,123327,98014,30600,21884,8716
23,MADHYA PRADESH,Total,Age not stated,10067,5478,4589,1476,870,606
23,MADHYA PRADESH,Rural,Total,4766617,2627374,2139243,562738,366897,195841
23,MADHYA PRADESH,Rural,5-9,461614,233266,228348,6992,3640,3352
23,MADHYA PRADESH,Rural,10-14,769845,394112,375733,71722,37682,34040
23,MADHYA PRADESH,Rural,15-19,683107,365613,317494,134747,77262,57485
23,MADHYA PRADESH,Rural,20-24,564351,318086,246265,98001,63370,34631
23,MADHYA PRADESH,Rural,25-29,437978,251820,186158,64423,44007,20416
23,MADHYA PRADESH,Rural,30-49,1244630,722303,522327,141642,105491,36151
23,MADHYA PRADESH,Rural,50-69,494478,282619,211859,38580,30533,8047
23,MADHYA PRADESH,Rural,70+,107269,57683,49586,6225,4662,1563
23,MADHYA PRADESH,Rural,Age not stated,3345,1872,1473,406,250,156
23,MADHYA PRADESH,Urban,Total,3784112,2089195,1694917,695215,391233,303982
23,MADHYA PRADESH,Urban,5-9,170721,90273,80448,12702,6604,6098
23,MADHYA PRADESH,Urban,10-14,334781,177054,157727,48976,25435,23541
23,MADHYA PRADESH,Urban,15-19,463665,245405,218260,85922,43828,42094
23,MADHYA PRADESH,Urban,20-24,513425,273109,240316,91793,47527,44266
23,MADHYA PRADESH,Urban,25-29,426339,226978,199361,76700,40043,36657
23,MADHYA PRADESH,Urban,30-49,1220362,684008,536354,236286,133701,102585
23,MADHYA PRADESH,Urban,50-69,534025,323118,210907,117391,76253,41138
23,MADHYA PRADESH,Urban,70+,114072,65644,48428,24375,17222,7153
23,MADHYA PRADESH,Urban,Age not stated,6722,3606,3116,1070,620,450
24,GUJARAT,Total,Total,17321770,9878480,7443290,8570571,5181262,3389309
24,GUJARAT,Total,5-9,642555,346764,295791,121026,67749,53277
24,GUJARAT,Total,10-14,2339586,1263642,1075944,756301,421529,334772
24,GUJARAT,Total,15-19,2401229,1317614,1083615,1406994,812093,594901
24,GUJARAT,Total,20-24,2185827,1217037,968790,1343442,775098,568344
24,GUJARAT,Total,25-29,1967601,1115970,851631,1101469,648985,452484
24,GUJARAT,Total,30-49,5440740,3199163,2241577,2678170,1661042,1017128
24,GUJARAT,Total,50-69,1942061,1188614,753447,980172,670719,309453
24,GUJARAT,Total,70+,329756,189031,140725,149279,104271,45008
24,GUJARAT,Total,Age not stated,72415,40645,31770,33718,19776,13942
24,GUJARAT,Rural,Total,8417052,5003643,3413409,3031288,1968947,1062341
24,GUJARAT,Rural,5-9,241984,126949,115035,20789,11452,9337
24,GUJARAT,Rural,10-14,1355385,723648,631737,362765,202040,160725
24,GUJARAT,Rural,15-19,1393116,762159,630957,661401,393537,267864
24,GUJARAT,Rural,20-24,1144712,652397,492315,544812,335527,209285
24,GUJARAT,Rural,25-29,944212,565660,378552,393913,258521,135392
24,GUJARAT,Rural,30-49,2438610,1558605,880005,805891,574826,231065
24,GUJARAT,Rural,50-69,756123,523054,233069,207145,167218,39927
24,GUJARAT,Rural,70+,114443,74768,39675,25016,19736,5280
24,GUJARAT,Rural,Age not stated,28467,16403,12064,9556,6090,3466
24,GUJARAT,Urban,Total,8904718,4874837,4029881,5539283,3212315,2326968
24,GUJARAT,Urban,5-9,400571,219815,180756,100237,56297,43940
24,GUJARAT,Urban,10-14,984201,539994,444207,393536,219489,174047
24,GUJARAT,Urban,15-19,1008113,555455,452658,745593,418556,327037
24,GUJARAT,Urban,20-24,1041115,564640,476475,798630,439571,359059
24,GUJARAT,Urban,25-29,1023389,550310,473079,707556,390464,317092
24,GUJARAT,Urban,30-49,3002130,1640558,1361572,1872279,1086216,786063
24,GUJARAT,Urban,50-69,1185938,665560,520378,773027,503501,269526
24,GUJARAT,Urban,70+,215313,114263,101050,124263,84535,39728
24,GUJARAT,Urban,Age not stated,43948,24242,19706,24162,13686,10476
25,DAMAN & DIU,Total,Total,82027,49404,32623,34602,21856,12746
25,DAMAN & DIU,Total,5-9,3366,1796,1570,850,477,373
25,DAMAN & DIU,Total,10-14,7564,3963,3601,2785,1487,1298
25,DAMAN & DIU,Total,15-19,9891,5858,4033,4741,2648,2093
25,DAMAN & DIU,Total,20-24,13751,8977,4774,5394,3391,2003
25,DAMAN & DIU,Total,25-29,12392,7637,4755,5132,3249,1883
25,DAMAN & DIU,Total,30-49,27437,16627,10810,12143,8169,3974
25,DAMAN & DIU,Total,50-69,6474,3917,2557,3057,2096,961
25,DAMAN & DIU,Total,70+,1045,562,483,478,325,153
25,DAMAN & DIU,Total,Age not stated,107,67,40,22,14,8
25,DAMAN & DIU,Rural,Total,20990,11797,9193,7809,4991,2818
25,DAMAN & DIU,Rural,5-9,689,342,347,97,57,40
25,DAMAN & DIU,Rural,10-14,2989,1504,1485,655,369,286
25,DAMAN & DIU,Rural,15-19,3318,1744,1574,1610,875,735
25,DAMAN & DIU,Rural,20-24,3234,1783,1451,1470,902,568
25,DAMAN & DIU,Rural,25-29,2689,1472,1217,1118,715,403
25,DAMAN & DIU,Rural,30-49,6282,3797,2485,2370,1691,679
25,DAMAN & DIU,Rural,50-69,1556,1028,528,432,347,85
25,DAMAN & DIU,Rural,70+,200,111,89,48,29,19
25,DAMAN & DIU,Rural,Age not stated,33,16,17,9,6,3
25,DAMAN & DIU,Urban,Total,61037,37607,23430,26793,16865,9928
25,DAMAN & DIU,Urban,5-9,2677,1454,1223,753,420,333
25,DAMAN & DIU,Urban,10-14,4575,2459,2116,2130,1118,1012
25,DAMAN & DIU,Urban,15-19,6573,4114,2459,3131,1773,1358
25,DAMAN & DIU,Urban,20-24,10517,7194,3323,3924,2489,1435
25,DAMAN & DIU,Urban,25-29,9703,6165,3538,4014,2534,1480
25,DAMAN & DIU,Urban,30-49,21155,12830,8325,9773,6478,3295
25,DAMAN & DIU,Urban,50-69,4918,2889,2029,2625,1749,876
25,DAMAN & DIU,Urban,70+,845,451,394,430,296,134
25,DAMAN & DIU,Urban,Age not stated,74,51,23,13,8,5
26,DADRA & NAGAR HAVELI,Total,Total,127467,68955,58512,71516,44256,27260
26,DADRA & NAGAR HAVELI,Total,5-9,13483,7065,6418,2808,1483,1325
26,DADRA & NAGAR HAVELI,Total,10-14,16222,8408,7814,11167,6062,5105
26,DADRA & NAGAR HAVELI,Total,15-19,12481,6751,5730,11199,6498,4701
26,DADRA & NAGAR HAVELI,Total,20-24,16969,9565,7404,10523,6328,4195
26,DADRA & NAGAR HAVELI,Total,25-29,16213,8913,7300,9238,5771,3467
26,DADRA & NAGAR HAVELI,Total,30-49,38106,20960,17146,21595,14626,6969
26,DADRA & NAGAR HAVELI,Total,50-69,12096,6389,5707,4495,3191,1304
26,DADRA & NAGAR HAVELI,Total,70+,1765,832,933,443,272,171
26,DADRA & NAGAR HAVELI,Total,Age not stated,132,72,60,48,25,23
26,DADRA & NAGAR HAVELI,Rural,Total,70674,36412,34262,39658,24897,14761
26,DADRA & NAGAR HAVELI,Rural,5-9,9544,4913,4631,1335,677,658
26,DADRA & NAGAR HAVELI,Rural,10-14,10788,5535,5253,7969,4288,3681
26,DADRA & NAGAR HAVELI,Rural,15-19,7068,3568,3500,7697,4526,3171
26,DADRA & NAGAR HAVELI,Rural,20-24,8470,4494,3976,6404,4018,2386
26,DADRA & NAGAR HAVELI,Rural,25-29,7406,3907,3499,4701,3172,1529
26,DADRA & NAGAR HAVELI,Rural,30-49,18854,9616,9238,9273,6583,2690
26,DADRA & NAGAR HAVELI,Rural,50-69,7447,3877,3570,2073,1518,555
26,DADRA & NAGAR HAVELI,Rural,70+,1028,459,569,180,103,77
26,DADRA & NAGAR HAVELI,Rural,Age not stated,69,43,26,26,12,14
26,DADRA & NAGAR HAVELI,Urban,Total,56793,32543,24250,31858,19359,12499
26,DADRA & NAGAR HAVELI,Urban,5-9,3939,2152,1787,1473,806,667
26,DADRA & NAGAR HAVELI,Urban,10-14,5434,2873,2561,3198,1774,1424
26,DADRA & NAGAR HAVELI,Urban,15-19,5413,3183,2230,3502,1972,1530
26,DADRA & NAGAR HAVELI,Urban,20-24,8499,5071,3428,4119,2310,1809
26,DADRA & NAGAR HAVELI,Urban,25-29,8807,5006,3801,4537,2599,1938
26,DADRA & NAGAR HAVELI,Urban,30-49,19252,11344,7908,12322,8043,4279
26,DADRA & NAGAR HAVELI,Urban,50-69,4649,2512,2137,2422,1673,749
26,DADRA & NAGAR HAVELI,Urban,70+,737,373,364,263,169,94
26,DADRA & NAGAR HAVELI,Urban,Age not stated,63,29,34,22,13,9
27,MAHARASHTRA,Total,Total,37695132,20579481,17115651,19724729,11455478,8269251
27,MAHARASHTRA,Total,5-9,1841785,971431,870354,427001,227799,199202
27,MAHARASHTRA,Total,10-14,4146991,2187018,1959973,1531016,810747,720269
27,MAHARASHTRA,Total,15-19,4582822,2474106,2108716,2785964,1494641,1291323
27,MAHARASHTRA,Total,20-24,4611205,2471506,2139699,3002122,1667890,1334232
27,MAHARASHTRA,Total,25-29,4250491,2274927,1975564,2556589,1449460,1107129
27,MAHARASHTRA,Total,30-49,11978850,6650169,5328681,6333288,3825044,2508244
27,MAHARASHTRA,Total,50-69,5043984,2871969,2172015,2527182,1626889,900293
27,MAHARASHTRA,Total,70+,1104461,604041,500420,495480,314559,180921
27,MAHARASHTRA,Total,Age not stated,134543,74314,60229,66087,38449,27638
27,MAHARASHTRA,Rural,Total,18305693,10388783,7916910,6072975,3791321,2281654
27,MAHARASHTRA,Rural,5-9,786820,414100,372720,85637,46050,39587
27,MAHARASHTRA,Rural,10-14,2175696,1146359,1029337,550208,292798,257410
27,MAHARASHTRA,Rural,15-19,2592070,1408288,1183782,1188201,657582,530619
27,MAHARASHTRA,Rural,20-24,2396922,1308774,1088148,1134047,678282,455765
27,MAHARASHTRA,Rural,25-29,2064957,1142999,921958,825250,516294,308956
27,MAHARASHTRA,Rural,30-49,5468048,3236347,2231701,1674183,1149478,524705
27,MAHARASHTRA,Rural,50-69,2249044,1388709,860335,506587,375191,131396
27,MAHARASHTRA,Rural,70+,513028,309477,203551,90968,64481,26487
27,MAHARASHTRA,Rural,Age not stated,59108,33730,25378,17894,11165,6729
27,MAHARASHTRA,Urban,Total,19389439,10190698,9198741,13651754,7664157,5987597
27,MAHARASHTRA,Urban,5-9,1054965,557331,497634,341364,181749,159615
27,MAHARASHTRA,Urban,10-14,1971295,1040659,930636,980808,517949,462859
27,MAHARASHTRA,Urban,15-19,1990752,1065818,924934,1597763,837059,760704
27,MAHARASHTRA,Urban,20-24,2214283,1162732,1051551,1868075,989608,878467
27,MAHARASHTRA,Urban,25-29,2185534,1131928,1053606,1731339,933166,798173
27,MAHARASHTRA,Urban,30-49,6510802,3413822,3096980,4659105,2675566,1983539
27,MAHARASHTRA,Urban,50-69,2794940,1483260,1311680,2020595,1251698,768897
27,MAHARASHTRA,Urban,70+,591433,294564,296869,404512,250078,154434
27,MAHARASHTRA,Urban,Age not stated,75435,40584,34851,48193,27284,20909
28,ANDHRA PRADESH,Total,Total,15238958,8357610,6881348,6344376,3836382,2507994
28,ANDHRA PRADESH,Total,5-9,870061,449252,420809,115782,60417,55365
28,ANDHRA PRADESH,Total,10-14,1647345,853159,794186,565173,287163,278010
28,ANDHRA PRADESH,Total,15-19,2087538,1096180,991358,1050652,554499,496153
28,ANDHRA PRADESH,Total,20-24,2047177,1088659,958518,1038315,583144,455171
28,ANDHRA PRADESH,Total,25-29,1753360,949387,803973,838481,498114,340367
28,ANDHRA PRADESH,Total,30-49,4481547,2590677,1890870,1887033,1246429,640604
28,ANDHRA PRADESH,Total,50-69,1819298,1035974,783324,664191,481875,182316
28,ANDHRA PRADESH,Total,70+,380539,212177,168362,113967,83106,30861
28,ANDHRA PRADESH,Total,Age not stated,152093,82145,69948,70782,41635,29147
28,ANDHRA PRADESH,Rural,Total,8500920,4705043,3795877,2361512,1475239,886273
28,ANDHRA PRADESH,Rural,5-9,519681,268287,251394,31000,16420,14580
28,ANDHRA PRADESH,Rural,10-14,987732,513529,474203,271257,138864,132393
28,ANDHRA PRADESH,Rural,15-19,1239958,666524,573434,528154,287382,240772
28,ANDHRA PRADESH,Rural,20-24,1172308,650240,522068,457619,278555,179064
28,ANDHRA PRADESH,Rural,25-29,959980,536689,423291,314178,205362,108816
28,ANDHRA PRADESH,Rural,30-49,2339972,1364946,975026,557059,399263,157796
28,ANDHRA PRADESH,Rural,50-69,993319,546939,446380,153434,115437,37997
28,ANDHRA PRADESH,Rural,70+,221174,121342,99832,28809,21487,7322
28,ANDHRA PRADESH,Rural,Age not stated,66796,36547,30249,20002,12469,7533
28,ANDHRA PRADESH,Urban,Total,6738038,3652567,3085471,3982864,2361143,1621721
28,ANDHRA PRADESH,Urban,5-9,350380,180965,169415,84782,43997,40785
28,ANDHRA PRADESH,Urban,10-14,659613,339630,319983,293916,148299,145617
28,ANDHRA PRADESH,Urban,15-19,847580,429656,417924,522498,267117,255381
28,ANDHRA PRADESH,Urban,20-24,874869,438419,436450,580696,304589,276107
28,ANDHRA PRADESH,Urban,25-29,793380,412698,380682,524303,292752,231551
28,ANDHRA PRADESH,Urban,30-49,2141575,1225731,915844,1329974,847166,482808
28,ANDHRA PRADESH,Urban,50-69,825979,489035,336944,510757,366438,144319
28,ANDHRA PRADESH,Urban,70+,159365,90835,68530,85158,61619,23539
28,ANDHRA PRADESH,Urban,Age not stated,85297,45598,39699,50780,29166,21614
29,KARNATAKA,Total,Total,16420465,8513790,7906675,7832129,4519095,3313034
29,KARNATAKA,Total,5-9,1099923,565142,534781,206401,106584,99817
29,KARNATAKA,Total,10-14,1726449,891126,835323,582959,299680,283279
29,KARNATAKA,Total,15-19,1853483,968441,885042,930411,482025,448386
29,KARNATAKA,Total,20-24,1935915,1008794,927121,1063860,574968,488892
29,KARNATAKA,Total,25-29,1813823,924699,889124,1000446,558250,442196
29,KARNATAKA,Total,30-49,5053037,2660127,2392910,2667185,1613216,1053969
29,KARNATAKA,Total,50-69,2348325,1204697,1143628,1152408,738377,414031
29,KARNATAKA,Total,70+,578328,284511,293817,224335,143605,80730
29,KARNATAKA,Total,Age not stated,11182,6253,4929,4124,2390,1734
29,KARNATAKA,Rural,Total,8694265,4562138,4132127,2048187,1236259,811928
29,KARNATAKA,Rural,5-9,578309,296930,281379,42366,22007,20359
29,KARNATAKA,Rural,10-14,947983,490679,457304,173946,90619,83327
29,KARNATAKA,Rural,15-19,1037302,549423,487879,322466,173699,148767
29,KARNATAKA,Rural,20-24,1006229,535574,470655,320275,184695,135580
29,KARNATAKA,Rural,25-29,907135,471911,435224,253381,153725,99656
29,KARNATAKA,Rural,30-49,2590853,1376908,1213945,625881,404663,221218
29,KARNATAKA,Rural,50-69,1285243,668377,616866,255619,171323,84296
29,KARNATAKA,Rural,70+,335659,169270,166389,53293,34937,18356
29,KARNATAKA,Rural,Age not stated,5552,3066,2486,960,591,369
29,KARNATAKA,Urban,Total,7726200,3951652,3774548,5783942,3282836,2501106
29,KARNATAKA,Urban,5-9,521614,268212,253402,164035,84577,79458
29,KARNATAKA,Urban,10-14,778466,400447,378019,409013,209061,199952
29,KARNATAKA,Urban,15-19,816181,419018,397163,607945,308326,299619
29,KARNATAKA,Urban,20-24,929686,473220,456466,743585,390273,353312
29,KARNATAKA,Urban,25-29,906688,452788,453900,747065,404525,342540
29,KARNATAKA,Urban,30-49,2462184,1283219,1178965,2041304,1208553,832751
29,KARNATAKA,Urban,50-69,1063082,536320,526762,896789,567054,329735
29,KARNATAKA,Urban,70+,242669,115241,127428,171042,108668,62374
29,KARNATAKA,Urban,Age not stated,5630,3187,2443,3164,1799,1365
30,GOA,Total,Total,384903,192062,192841,741249,395322,345927
30,GOA,Total,5-9,35672,18264,17408,19717,10207,9510
30,GOA,Total,10-14,37980,19787,18193,60922,31258,29664
30,GOA,Total,15-19,27104,14679,12425,77536,39797,37739
30,GOA,Total,20-24,34773,19527,15246,81507,42338,39169
30,GOA,Total,25-29,35335,18081,17254,82875,42046,40829
30,GOA,Total,30-49,123069,59760,63309,280213,148773,131440
30,GOA,Total,50-69,71479,33237,38242,117897,69045,48852
30,GOA,Total,70+,18840,8397,10443,19902,11490,8412
30,GOA,Total,Age not stated,651,330,321,680,368,312
30,GOA,Rural,Total,151061,73731,77330,261781,141675,120106
30,GOA,Rural,5-9,14080,7156,6924,5353,2697,2656
30,GOA,Rural,10-14,15287,7803,7484,21850,11138,10712
30,GOA,Rural,15-19,9570,5032,4538,29838,15245,14593
30,GOA,Rural,20-24,11737,6177,5560,31127,15863,15264
30,GOA,Rural,25-29,12947,6349,6598,32179,16485,15694
30,GOA,Rural,30-49,48936,22889,26047,100396,55164,45232
30,GOA,Rural,50-69,30578,14529,16049,35334,21731,13603
30,GOA,Rural,70+,7600,3626,3974,5420,3184,2236
30,GOA,Rural,Age not stated,326,170,156,284,168,116
30,GOA,Urban,Total,233842,118331,115511,479468,253647,225821
30,GOA,Urban,5-9,21592,11108,10484,14364,7510,6854
30,GOA,Urban,10-14,22693,11984,10709,39072,20120,18952
30,GOA,Urban,15-19,17534,9647,7887,47698,24552,23146
30,GOA,Urban,20-24,23036,13350,9686,50380,26475,23905
30,GOA,Urban,25-29,22388,11732,10656,50696,25561,25135
30,GOA,Urban,30-49,74133,36871,37262,179817,93609,86208
30,GOA,Urban,50-69,40901,18708,22193,82563,47314,35249
30,GOA,Urban,70+,11240,4771,6469,14482,8306,6176
30,GOA,Urban,Age not stated,325,160,165,396,200,196
31,LAKSHADWEEP,Total,Total,8572,4903,3669,9981,6435,3546
31,LAKSHADWEEP,Total,5-9,110,61,49,43,24,19
31,LAKSHADWEEP,Total,10-14,525,225,300,413,200,213
31,LAKSHADWEEP,Total,15-19,1004,484,520,1251,608,643
31,LAKSHADWEEP,Total,20-24,1169,607,562,1515,806,709
31,LAKSHADWEEP,Total,25-29,1177,653,524,1456,837,619
31,LAKSHADWEEP,Total,30-49,3158,1823,1335,3706,2603,1103
31,LAKSHADWEEP,Total,50-69,1249,889,360,1512,1298,214
31,LAKSHADWEEP,Total,70+,178,160,18,74,55,19
31,LAKSHADWEEP,Total,Age not stated,2,1,1,11,4,7
31,LAKSHADWEEP,Rural,Total,1500,875,625,2007,1213,794
31,LAKSHADWEEP,Rural,5-9,7,3,4,23,12,11
31,LAKSHADWEEP,Rural,10-14,61,26,35,62,24,38
31,LAKSHADWEEP,Rural,15-19,197,74,123,243,98,145
31,LAKSHADWEEP,Rural,20-24,254,133,121,336,169,167
31,LAKSHADWEEP,Rural,25-29,221,125,96,303,167,136
31,LAKSHADWEEP,Rural,30-49,549,354,195,740,509,231
31,LAKSHADWEEP,Rural,50-69,197,150,47,278,221,57
31,LAKSHADWEEP,Rural,70+,13,10,3,21,12,9
31,LAKSHADWEEP,Rural,Age not stated,1,0,1,1,1,0
31,LAKSHADWEEP,Urban,Total,7072,4028,3044,7974,5222,2752
31,LAKSHADWEEP,Urban,5-9,103,58,45,20,12,8
31,LAKSHADWEEP,Urban,10-14,464,199,265,351,176,175
31,LAKSHADWEEP,Urban,15-19,807,410,397,1008,510,498
31,LAKSHADWEEP,Urban,20-24,915,474,441,1179,637,542
31,LAKSHADWEEP,Urban,25-29,956,528,428,1153,670,483
31,LAKSHADWEEP,Urban,30-49,2609,1469,1140,2966,2094,872
31,LAKSHADWEEP,Urban,50-69,1052,739,313,1234,1077,157
31,LAKSHADWEEP,Urban,70+,165,150,15,53,43,10
31,LAKSHADWEEP,Urban,Age not stated,1,1,0,10,3,7
32,KERALA,Total,Total,4974574,2559063,2415511,3188813,1734057,1454756
32,KERALA,Total,5-9,102650,51792,50858,21734,10913,10821
32,KERALA,Total,10-14,323468,161604,161864,164088,78390,85698
32,KERALA,Total,15-19,590112,292122,297990,394355,187751,206604
32,KERALA,Total,20-24,685063,332194,352869,451745,217414,234331
32,KERALA,Total,25-29,555072,257571,297501,365227,176347,188880
32,KERALA,Total,30-49,1742597,886040,856557,1089354,591318,498036
32,KERALA,Total,50-69,809147,480087,329060,595956,395989,199967
32,KERALA,Total,70+,162551,95574,66977,104238,74815,29423
32,KERALA,Total,Age not stated,3914,2079,1835,2116,1120,996
32,KERALA,Rural,Total,2453128,1270901,1182227,1360343,742683,617660
32,KERALA,Rural,5-9,47238,23864,23374,8201,4089,4112
32,KERALA,Rural,10-14,157663,78081,79582,73213,34400,38813
32,KERALA,Rural,15-19,301309,149025,152284,181418,86526,94892
32,KERALA,Rural,20-24,349449,170822,178627,204253,99069,105184
32,KERALA,Rural,25-29,285648,134045,151603,163420,79621,83799
32,KERALA,Rural,30-49,868193,447520,420673,462231,255478,206753
32,KERALA,Rural,50-69,371961,224041,147920,228828,155085,73743
32,KERALA,Rural,70+,69891,42515,27376,37870,27911,9959
32,KERALA,Rural,Age not stated,1776,988,788,909,504,405
32,KERALA,Urban,Total,2521446,1288162,1233284,1828470,991374,837096
32,KERALA,Urban,5-9,55412,27928,27484,13533,6824,6709
32,KERALA,Urban,10-14,165805,83523,82282,90875,43990,46885
32,KERALA,Urban,15-19,288803,143097,145706,212937,101225,111712
32,KERALA,Urban,20-24,335614,161372,174242,247492,118345,129147
32,KERALA,Urban,25-29,269424,123526,145898,201807,96726,105081
32,KERALA,Urban,30-49,874404,438520,435884,627123,335840,291283
32,KERALA,Urban,50-69,437186,256046,181140,367128,240904,126224
32,KERALA,Urban,70+,92660,53059,39601,66368,46904,19464
32,KERALA,Urban,Age not stated,2138,1091,1047,1207,616,591
33,TAMIL NADU,Total,Total,17969107,9590729,8378378,2447163,1410192,1036971
33,TAMIL NADU,Total,5-9,722554,369234,353320,71336,36174,35162
33,TAMIL NADU,Total,10-14,1622821,830029,792792,184305,92689,91616
33,TAMIL NADU,Total,15-19,2376231,1216096,1160135,265081,135501,129580
33,TAMIL NADU,Total,20-24,2386383,1203358,1183025,294227,151825,142402
33,TAMIL NADU,Total,25-29,2139007,1089752,1049255,286720,155804,130916
33,TAMIL NADU,Total,30-49,5636854,3103406,2533448,856022,511568,344454
33,TAMIL NADU,Total,50-69,2532071,1466009,1066062,405142,268595,136547
33,TAMIL NADU,Total,70+,540692,306007,234685,83084,57299,25785
33,TAMIL NADU,Total,Age not stated,12494,6838,5656,1246,737,509
33,TAMIL NADU,Rural,Total,7521748,4098341,3423407,568669,344518,224151
33,TAMIL NADU,Rural,5-9,307731,157966,149765,16935,8763,8172
33,TAMIL NADU,Rural,10-14,768108,395505,372603,49092,25170,23922
33,TAMIL NADU,Rural,15-19,1178129,614800,563329,79946,42902,37044
33,TAMIL NADU,Rural,20-24,1091134,567400,523734,81902,45244,36658
33,TAMIL NADU,Rural,25-29,912246,484798,427448,71717,42961,28756
33,TAMIL NADU,Rural,30-49,2144551,1225568,918983,180326,117519,62807
33,TAMIL NADU,Rural,50-69,912996,533881,379115,73774,51504,22270
33,TAMIL NADU,Rural,70+,201092,115236,85856,14604,10241,4363
33,TAMIL NADU,Rural,Age not stated,5761,3187,2574,373,214,159
33,TAMIL NADU,Urban,Total,10447359,5492388,4954971,1878494,1065674,812820
33,TAMIL NADU,Urban,5-9,414823,211268,203555,54401,27411,26990
33,TAMIL NADU,Urban,10-14,854713,434524,420189,135213,67519,67694
33,TAMIL NADU,Urban,15-19,1198102,601296,596806,185135,92599,92536
33,TAMIL NADU,Urban,20-24,1295249,635958,659291,212325,106581,105744
33,TAMIL NADU,Urban,25-29,1226761,604954,621807,215003,112843,102160
33,TAMIL NADU,Urban,30-49,3492303,1877838,1614465,675696,394049,281647
33,TAMIL NADU,Urban,50-69,1619075,932128,686947,331368,217091,114277
33,TAMIL NADU,Urban,70+,339600,190771,148829,68480,47058,21422
33,TAMIL NADU,Urban,Age not stated,6733,3651,3082,873,523,350
34,PUDUCHERRY,Total,Total,320627,172773,147854,71665,40809,30856
34,PUDUCHERRY,Total,5-9,9711,4955,4756,1399,717,682
34,PUDUCHERRY,Total,10-14,27879,14185,13694,4771,2384,2387
34,PUDUCHERRY,Total,15-19,43921,22082,21839,7431,3778,3653
34,PUDUCHERRY,Total,20-24,46593,22624,23969,8545,4096,4449
34,PUDUCHERRY,Total,25-29,42315,20606,21709,7998,4034,3964
34,PUDUCHERRY,Total,30-49,106101,60431,45670,26378,15233,11145
34,PUDUCHERRY,Total,50-69,37330,23850,13480,12478,8628,3850
34,PUDUCHERRY,Total,70+,6572,3913,2659,2612,1911,701
34,PUDUCHERRY,Total,Age not stated,205,127,78,53,28,25
34,PUDUCHERRY,Rural,Total,75952,42238,33714,5029,3145,1884
34,PUDUCHERRY,Rural,5-9,2006,1039,967,124,71,53
34,PUDUCHERRY,Rural,10-14,7103,3610,3493,531,241,290
34,PUDUCHERRY,Rural,15-19,12937,6499,6438,511,259,252
34,PUDUCHERRY,Rural,20-24,13617,6723,6894,599,294,305
34,PUDUCHERRY,Rural,25-29,11377,5892,5485,672,392,280
34,PUDUCHERRY,Rural,30-49,21991,13749,8242,1776,1228,548
34,PUDUCHERRY,Rural,50-69,5862,4058,1804,685,547,138
34,PUDUCHERRY,Rural,70+,956,606,350,129,112,17
34,PUDUCHERRY,Rural,Age not stated,103,62,41,2,1,1
34,PUDUCHERRY,Urban,Total,244675,130535,114140,66636,37664,28972
34,PUDUCHERRY,Urban,5-9,7705,3916,3789,1275,646,629
34,PUDUCHERRY,Urban,10-14,20776,10575,10201,4240,2143,2097
34,PUDUCHERRY,Urban,15-19,30984,15583,15401,6920,3519,3401
34,PUDUCHERRY,Urban,20-24,32976,15901,17075,7946,3802,4144
34,PUDUCHERRY,Urban,25-29,30938,14714,16224,7326,3642,3684
34,PUDUCHERRY,Urban,30-49,84110,46682,37428,24602,14005,10597
34,PUDUCHERRY,Urban,50-69,31468,19792,11676,11793,8081,3712
34,PUDUCHERRY,Urban,70+,5616,3307,2309,2483,1799,684
34,PUDUCHERRY,Urban,Age not stated,102,65,37,51,27,24
35,ANDAMAN & NICOBAR ISLANDS,Total,Total,184717,100532,84185,72708,41846,30862
35,ANDAMAN & NICOBAR ISLANDS,Total,5-9,12138,6127,6011,1958,983,975
35,ANDAMAN & NICOBAR ISLANDS,Total,10-14,18825,9664,9161,6651,3331,3320
35,ANDAMAN & NICOBAR ISLANDS,Total,15-19,17363,9220,8143,9494,4785,4709
35,ANDAMAN & NICOBAR ISLANDS,Total,20-24,20008,10708,9300,9171,4827,4344
35,ANDAMAN & NICOBAR ISLANDS,Total,25-29,22893,12302,10591,9716,5320,4396
35,ANDAMAN & NICOBAR ISLANDS,Total,30-49,64823,35347,29476,27080,16469,10611
35,ANDAMAN & NICOBAR ISLANDS,Total,50-69,24554,14537,10017,7803,5517,2286
35,ANDAMAN & NICOBAR ISLANDS,Total,70+,3950,2536,1414,771,579,192
35,ANDAMAN & NICOBAR ISLANDS,Total,Age not stated,163,91,72,64,35,29
35,ANDAMAN & NICOBAR ISLANDS,Rural,Total,114464,62515,51949,38136,22243,15893
35,ANDAMAN & NICOBAR ISLANDS,Rural,5-9,7002,3538,3464,939,474,465
35,ANDAMAN & NICOBAR ISLANDS,Rural,10-14,11862,6038,5824,3667,1814,1853
35,ANDAMAN & NICOBAR ISLANDS,Rural,15-19,10848,5730,5118,5334,2719,2615
35,ANDAMAN & NICOBAR ISLANDS,Rural,20-24,12186,6353,5833,5093,2661,2432
35,ANDAMAN & NICOBAR ISLANDS,Rural,25-29,14192,7645,6547,5352,2965,2387
35,ANDAMAN & NICOBAR ISLANDS,Rural,30-49,39737,21870,17867,13760,8645,5115
35,ANDAMAN & NICOBAR ISLANDS,Rural,50-69,15832,9476,6356,3626,2675,951
35,ANDAMAN & NICOBAR ISLANDS,Rural,70+,2738,1825,913,339,274,65
35,ANDAMAN & NICOBAR ISLANDS,Rural,Age not stated,67,40,27,26,16,10
35,ANDAMAN & NICOBAR ISLANDS,Urban,Total,70253,38017,32236,34572,19603,14969
35,ANDAMAN & NICOBAR ISLANDS,Urban,5-9,5136,2589,2547,1019,509,510
35,ANDAMAN & NICOBAR ISLANDS,Urban,10-14,6963,3626,3337,2984,1517,1467
35,ANDAMAN & NICOBAR ISLANDS,Urban,15-19,6515,3490,3025,4160,2066,2094
35,ANDAMAN & NICOBAR ISLANDS,Urban,20-24,7822,4355,3467,4078,2166,1912
35,ANDAMAN & NICOBAR ISLANDS,Urban,25-29,8701,4657,4044,4364,2355,2009
35,ANDAMAN & NICOBAR ISLANDS,Urban,30-49,25086,13477,11609,13320,7824,5496
35,ANDAMAN & NICOBAR ISLANDS,Urban,50-69,8722,5061,3661,4177,2842,1335
35,ANDAMAN & NICOBAR ISLANDS,Urban,70+,1212,711,501,432,305,127
35,ANDAMAN & NICOBAR ISLANDS,Urban,Age not stated,96,51,45,38,19,19
